0--Parade\0_Parade_marchingband_1_1004.jpg
2
(978, 288, 31, 31)
(648, 189, 50, 50)
0--Parade\0_Parade_marchingband_1_104.jpg
6
(599, 407, 27, 27)
(456, 264, 30, 30)
(306, 250, 49, 49)
(251, 379, 35, 35)
(687, 329, 50, 50)
(558, 183, 106, 106)
0--Parade\0_Parade_marchingband_1_1045.jpg
1
(247, 547, 56, 56)
0--Parade\0_Parade_marchingband_1_139.jpg
2
(185, 330, 170, 170)
(356, 362, 135, 135)
0--Parade\0_Parade_marchingband_1_147.jpg
3
(311, 134, 55, 55)
(80, 118, 106, 106)
(562, 166, 81, 81)
0--Parade\0_Parade_marchingband_1_149.jpg
25
(627, 377, 35, 35)
(223, 315, 30, 30)
(307, 314, 30, 30)
(276, 387, 35, 35)
(781, 314, 29, 29)
(668, 317, 33, 33)
(531, 223, 30, 30)
(599, 325, 28, 28)
(436, 374, 39, 39)
(367, 382, 34, 34)
(523, 385, 34, 34)
(273, 218, 34, 34)
(403, 225, 29, 29)
(710, 389, 36, 36)
(596, 241, 29, 29)
(804, 239, 32, 32)
(727, 241, 28, 28)
(208, 233, 31, 31)
(471, 233, 29, 29)
(278, 230, 30, 30)
(349, 237, 31, 31)
(659, 236, 33, 33)
(533, 301, 29, 29)
(461, 306, 30, 30)
(387, 308, 32, 32)
0--Parade\0_Parade_marchingband_1_156.jpg
3
(66, 492, 67, 67)
(68, 338, 59, 59)
(550, 232, 94, 94)
0--Parade\0_Parade_marchingband_1_172.jpg
12
(111, 84, 28, 28)
(881, 168, 26, 26)
(566, 242, 48, 48)
(241, 167, 40, 40)
(869, 101, 28, 28)
(228, 72, 88, 88)
(908, 630, 87, 87)
(860, 185, 26, 26)
(796, 52, 27, 27)
(649, 103, 27, 27)
(68, 615, 50, 50)
(612, 126, 60, 60)
0--Parade\0_Parade_marchingband_1_188.jpg
1
(769, 450, 30, 30)
0--Parade\0_Parade_marchingband_1_20.jpg
5
(905, 466, 27, 27)
(518, 305, 59, 59)
(729, 54, 74, 74)
(290, 392, 72, 72)
(692, 474, 26, 26)
0--Parade\0_Parade_marchingband_1_227.jpg
5
(428, 183, 34, 34)
(222, 232, 54, 54)
(377, 281, 73, 73)
(927, 162, 81, 81)
(778, 61, 236, 236)
0--Parade\0_Parade_marchingband_1_234.jpg
13
(466, 400, 26, 26)
(330, 410, 25, 25)
(399, 410, 27, 27)
(578, 414, 25, 25)
(430, 310, 26, 26)
(551, 310, 25, 25)
(780, 318, 26, 26)
(664, 320, 25, 25)
(79, 477, 28, 28)
(326, 425, 32, 32)
(203, 419, 25, 25)
(362, 307, 25, 25)
(302, 310, 25, 25)
0--Parade\0_Parade_marchingband_1_267.jpg
9
(503, 195, 27, 27)
(421, 204, 32, 32)
(941, 308, 81, 81)
(320, 225, 28, 28)
(350, 237, 31, 31)
(586, 76, 103, 103)
(546, 179, 26, 26)
(580, 180, 26, 26)
(402, 92, 38, 38)
0--Parade\0_Parade_marchingband_1_309.jpg
2
(540, 58, 114, 114)
(871, 77, 88, 88)
0--Parade\0_Parade_marchingband_1_311.jpg
1
(730, 419, 52, 52)
0--Parade\0_Parade_marchingband_1_329.jpg
16
(562, 335, 25, 25)
(890, 336, 27, 27)
(445, 415, 28, 28)
(569, 423, 26, 26)
(507, 426, 27, 27)
(629, 427, 28, 28)
(831, 325, 28, 28)
(546, 445, 67, 67)
(636, 382, 51, 51)
(613, 451, 67, 67)
(840, 569, 51, 51)
(229, 227, 66, 66)
(134, 313, 30, 30)
(322, 382, 35, 35)
(186, 308, 36, 36)
(855, 234, 69, 69)
0--Parade\0_Parade_marchingband_1_353.jpg
2
(612, 273, 155, 155)
(243, 381, 165, 165)
0--Parade\0_Parade_marchingband_1_355.jpg
5
(320, 567, 66, 66)
(313, 4, 54, 54)
(606, 273, 68, 68)
(311, 78, 127, 127)
(765, 43, 54, 54)
0--Parade\0_Parade_marchingband_1_356.jpg
2
(286, 1071, 32, 32)
(424, 1025, 56, 56)
0--Parade\0_Parade_marchingband_1_359.jpg
6
(377, 392, 87, 87)
(512, 348, 60, 60)
(911, 120, 27, 27)
(604, 186, 27, 27)
(160, 173, 30, 30)
(727, 112, 66, 66)
0--Parade\0_Parade_marchingband_1_360.jpg
3
(29, 485, 48, 48)
(557, 215, 53, 53)
(604, 292, 52, 52)
0--Parade\0_Parade_marchingband_1_379.jpg
3
(125, 185, 64, 64)
(17, 47, 32, 32)
(795, 495, 146, 146)
0--Parade\0_Parade_marchingband_1_382.jpg
4
(802, 119, 47, 47)
(445, 42, 37, 37)
(333, 96, 47, 47)
(144, 167, 46, 46)
0--Parade\0_Parade_marchingband_1_404.jpg
6
(410, 514, 36, 36)
(806, 422, 28, 28)
(254, 276, 39, 39)
(26, 144, 173, 173)
(590, 133, 34, 34)
(586, 22, 53, 53)
0--Parade\0_Parade_marchingband_1_410.jpg
8
(758, 574, 49, 49)
(347, 13, 32, 32)
(832, 526, 62, 62)
(684, 488, 35, 35)
(10, 502, 26, 26)
(108, 513, 56, 56)
(248, 471, 68, 68)
(439, 504, 72, 72)
0--Parade\0_Parade_marchingband_1_439.jpg
3
(532, 656, 69, 69)
(885, 478, 67, 67)
(380, 252, 86, 86)
0--Parade\0_Parade_marchingband_1_445.jpg
4
(576, 368, 63, 63)
(380, 352, 62, 62)
(364, 438, 67, 67)
(840, 263, 72, 72)
0--Parade\0_Parade_marchingband_1_465.jpg
0
0--Parade\0_Parade_marchingband_1_476.jpg
10
(792, 136, 32, 32)
(377, 220, 31, 31)
(430, 187, 30, 30)
(600, 201, 51, 51)
(723, 176, 64, 64)
(931, 291, 51, 51)
(672, 150, 53, 53)
(858, 151, 62, 62)
(230, 215, 122, 122)
(34, 102, 58, 58)
0--Parade\0_Parade_marchingband_1_488.jpg
5
(447, 268, 29, 29)
(492, 72, 52, 52)
(795, 336, 63, 63)
(261, 209, 56, 56)
(57, 273, 64, 64)
0--Parade\0_Parade_marchingband_1_490.jpg
12
(832, 389, 25, 25)
(874, 388, 25, 25)
(666, 452, 25, 25)
(501, 385, 25, 25)
(546, 387, 25, 25)
(639, 471, 74, 74)
(261, 463, 75, 75)
(512, 459, 69, 69)
(376, 462, 81, 81)
(535, 436, 26, 26)
(386, 356, 25, 25)
(880, 357, 25, 25)
0--Parade\0_Parade_marchingband_1_517.jpg
8
(370, 290, 33, 33)
(756, 458, 77, 77)
(501, 467, 84, 84)
(388, 226, 44, 44)
(448, 217, 57, 57)
(290, 376, 85, 85)
(208, 420, 90, 90)
(907, 263, 52, 52)
0--Parade\0_Parade_marchingband_1_525.jpg
8
(291, 393, 27, 27)
(536, 394, 29, 29)
(129, 409, 29, 29)
(897, 421, 27, 27)
(675, 379, 32, 32)
(959, 137, 60, 60)
(401, 384, 28, 28)
(190, 371, 30, 30)
0--Parade\0_Parade_marchingband_1_552.jpg
2
(119, 364, 58, 58)
(287, 370, 60, 60)
0--Parade\0_Parade_marchingband_1_556.jpg
10
(447, 279, 28, 28)
(554, 253, 26, 26)
(634, 252, 42, 42)
(965, 257, 35, 35)
(343, 253, 38, 38)
(492, 281, 35, 35)
(558, 303, 57, 57)
(540, 306, 52, 52)
(333, 342, 86, 86)
(918, 340, 80, 80)
0--Parade\0_Parade_marchingband_1_561.jpg
3
(409, 457, 69, 69)
(818, 1033, 78, 78)
(903, 1232, 80, 80)
0--Parade\0_Parade_marchingband_1_593.jpg
3
(174, 430, 30, 30)
(707, 375, 50, 50)
(877, 354, 70, 70)
0--Parade\0_Parade_marchingband_1_606.jpg
3
(838, 152, 34, 34)
(776, 529, 62, 62)
(701, 173, 33, 33)
0--Parade\0_Parade_marchingband_1_620.jpg
8
(799, 414, 34, 34)
(452, 297, 44, 44)
(748, 327, 58, 58)
(776, 403, 106, 106)
(90, 299, 82, 82)
(447, 372, 172, 172)
(813, 328, 104, 104)
(112, 274, 28, 28)
0--Parade\0_Parade_marchingband_1_629.jpg
1
(313, 346, 34, 34)
0--Parade\0_Parade_marchingband_1_649.jpg
28
(4, 128, 32, 32)
(245, 143, 35, 35)
(646, 145, 39, 39)
(546, 77, 53, 53)
(103, 136, 31, 31)
(407, 83, 47, 47)
(760, 151, 33, 33)
(239, 189, 48, 48)
(52, 120, 34, 34)
(171, 281, 53, 53)
(789, 283, 52, 52)
(941, 205, 50, 50)
(17, 197, 50, 50)
(855, 151, 42, 42)
(964, 150, 46, 46)
(655, 210, 49, 49)
(883, 319, 53, 53)
(285, 285, 55, 55)
(488, 122, 46, 46)
(692, 288, 54, 54)
(338, 118, 39, 39)
(788, 448, 58, 58)
(372, 60, 267, 267)
(311, 564, 50, 50)
(252, 301, 33, 33)
(902, 179, 30, 30)
(698, 172, 33, 33)
(119, 228, 51, 51)
0--Parade\0_Parade_marchingband_1_653.jpg
3
(618, 66, 59, 59)
(522, 166, 70, 70)
(182, 137, 60, 60)
0--Parade\0_Parade_marchingband_1_695.jpg
1
(733, 242, 57, 57)
0--Parade\0_Parade_marchingband_1_710.jpg
4
(492, 300, 29, 29)
(486, 248, 30, 30)
(460, 127, 68, 68)
(13, 185, 71, 71)
0--Parade\0_Parade_marchingband_1_74.jpg
2
(183, 361, 46, 46)
(921, 701, 65, 65)
0--Parade\0_Parade_marchingband_1_746.jpg
8
(749, 89, 35, 35)
(374, 90, 39, 39)
(303, 77, 31, 31)
(428, 85, 31, 31)
(957, 178, 29, 29)
(19, 30, 56, 56)
(535, 84, 55, 55)
(125, 74, 54, 54)
0--Parade\0_Parade_marchingband_1_759.jpg
15
(171, 4, 56, 56)
(299, 19, 57, 57)
(362, 20, 62, 62)
(81, 12, 58, 58)
(130, 151, 56, 56)
(751, 421, 58, 58)
(679, 504, 51, 51)
(193, 68, 92, 92)
(102, 197, 29, 29)
(46, 42, 43, 43)
(132, 47, 59, 59)
(2, 34, 48, 48)
(333, 125, 56, 56)
(37, 52, 83, 83)
(623, 118, 74, 74)
0--Parade\0_Parade_marchingband_1_765.jpg
20
(490, 366, 26, 26)
(245, 368, 27, 27)
(110, 298, 26, 26)
(192, 370, 25, 25)
(304, 370, 26, 26)
(425, 371, 25, 25)
(843, 370, 25, 25)
(312, 302, 26, 26)
(551, 376, 25, 25)
(608, 380, 26, 26)
(724, 381, 26, 26)
(903, 382, 25, 25)
(448, 341, 25, 25)
(900, 561, 68, 68)
(87, 322, 27, 27)
(807, 556, 92, 92)
(346, 521, 64, 64)
(84, 529, 55, 55)
(806, 532, 75, 75)
(347, 341, 25, 25)
0--Parade\0_Parade_marchingband_1_768.jpg
2
(249, 590, 90, 90)
(459, 610, 30, 30)
0--Parade\0_Parade_marchingband_1_78.jpg
5
(103, 12, 59, 59)
(650, 278, 54, 54)
(656, 413, 75, 75)
(583, 394, 83, 83)
(8, 371, 71, 71)
0--Parade\0_Parade_marchingband_1_818.jpg
1
(642, 1416, 46, 46)
0--Parade\0_Parade_marchingband_1_822.jpg
12
(707, 511, 31, 31)
(823, 552, 64, 64)
(882, 203, 45, 45)
(178, 525, 28, 28)
(181, 237, 112, 112)
(179, 100, 102, 102)
(743, 93, 51, 51)
(749, 29, 140, 140)
(391, 317, 234, 234)
(502, 453, 107, 107)
(521, 317, 56, 56)
(233, 147, 78, 78)
0--Parade\0_Parade_marchingband_1_869.jpg
13
(9, 469, 31, 31)
(528, 203, 59, 59)
(872, 602, 69, 69)
(67, 189, 79, 79)
(206, 488, 38, 38)
(704, 325, 53, 53)
(942, 526, 45, 45)
(687, 482, 59, 59)
(443, 279, 115, 115)
(773, 330, 58, 58)
(712, 467, 97, 97)
(724, 408, 71, 71)
(946, 450, 74, 74)
0--Parade\0_Parade_marchingband_1_881.jpg
1
(727, 387, 186, 186)
0--Parade\0_Parade_marchingband_1_910.jpg
3
(483, 351, 49, 49)
(671, 409, 26, 26)
(200, 201, 53, 53)
0--Parade\0_Parade_marchingband_1_932.jpg
2
(955, 71, 53, 53)
(834, 5, 111, 111)
0--Parade\0_Parade_Parade_0_102.jpg
6
(181, 534, 26, 26)
(522, 539, 27, 27)
(282, 696, 37, 37)
(495, 175, 66, 66)
(934, 439, 26, 26)
(569, 623, 91, 91)
0--Parade\0_Parade_Parade_0_12.jpg
13
(912, 149, 29, 29)
(326, 152, 40, 40)
(482, 164, 52, 52)
(394, 175, 42, 42)
(729, 130, 61, 61)
(581, 493, 125, 125)
(283, 227, 78, 78)
(299, 83, 82, 82)
(541, 213, 147, 147)
(977, 109, 27, 27)
(823, 114, 45, 45)
(571, 177, 33, 33)
(900, 109, 48, 48)
0--Parade\0_Parade_Parade_0_120.jpg
11
(615, 446, 28, 28)
(102, 302, 49, 49)
(763, 444, 40, 40)
(195, 474, 56, 56)
(801, 397, 60, 60)
(935, 428, 86, 86)
(416, 598, 90, 90)
(505, 645, 109, 109)
(343, 198, 31, 31)
(502, 144, 28, 28)
(16, 200, 93, 93)
0--Parade\0_Parade_Parade_0_125.jpg
1
(443, 496, 47, 47)
0--Parade\0_Parade_Parade_0_137.jpg
6
(670, 407, 48, 48)
(435, 321, 47, 47)
(124, 304, 50, 50)
(389, 409, 88, 88)
(785, 445, 120, 120)
(532, 324, 64, 64)
0--Parade\0_Parade_Parade_0_164.jpg
3
(369, 457, 52, 52)
(468, 29, 50, 50)
(513, 32, 49, 49)
0--Parade\0_Parade_Parade_0_194.jpg
9
(271, 146, 460, 460)
(460, 1346, 35, 35)
(572, 1312, 34, 34)
(502, 984, 27, 27)
(757, 285, 71, 71)
(392, 1062, 51, 51)
(210, 350, 89, 89)
(111, 1158, 106, 106)
(266, 614, 61, 61)
0--Parade\0_Parade_Parade_0_205.jpg
6
(816, 247, 55, 55)
(863, 152, 90, 90)
(196, 428, 75, 75)
(424, 416, 133, 133)
(816, 52, 92, 92)
(867, 112, 98, 98)
0--Parade\0_Parade_Parade_0_218.jpg
4
(737, 386, 37, 37)
(146, 197, 54, 54)
(758, 591, 29, 29)
(695, 459, 126, 126)
0--Parade\0_Parade_Parade_0_239.jpg
14
(984, 717, 31, 31)
(518, 168, 27, 27)
(268, 304, 29, 29)
(707, 293, 29, 29)
(203, 223, 42, 42)
(503, 289, 36, 36)
(889, 279, 47, 47)
(390, 281, 47, 47)
(346, 286, 47, 47)
(724, 146, 81, 81)
(219, 310, 56, 56)
(129, 347, 35, 35)
(733, 252, 53, 53)
(415, 319, 66, 66)
0--Parade\0_Parade_Parade_0_246.jpg
3
(15, 512, 55, 55)
(24, 266, 73, 73)
(646, 51, 108, 108)
0--Parade\0_Parade_Parade_0_247.jpg
1
(767, 299, 83, 83)
0--Parade\0_Parade_Parade_0_266.jpg
6
(365, 423, 35, 35)
(83, 285, 79, 79)
(619, 639, 27, 27)
(648, 388, 120, 120)
(807, 584, 79, 79)
(947, 339, 31, 31)
0--Parade\0_Parade_Parade_0_275.jpg
4
(616, 521, 55, 55)
(34, 268, 65, 65)
(218, 414, 57, 57)
(922, 622, 80, 80)
0--Parade\0_Parade_Parade_0_286.jpg
4
(916, 318, 58, 58)
(825, 561, 97, 97)
(529, 543, 29, 29)
(648, 430, 65, 65)
0--Parade\0_Parade_Parade_0_288.jpg
4
(508, 101, 53, 53)
(336, 359, 33, 33)
(793, 457, 40, 40)
(226, 411, 106, 106)
0--Parade\0_Parade_Parade_0_29.jpg
4
(316, 232, 37, 37)
(371, 356, 106, 106)
(239, 235, 28, 28)
(561, 171, 55, 55)
0--Parade\0_Parade_Parade_0_317.jpg
1
(845, 141, 68, 68)
0--Parade\0_Parade_Parade_0_353.jpg
1
(672, 218, 88, 88)
0--Parade\0_Parade_Parade_0_364.jpg
8
(490, 459, 30, 30)
(492, 201, 53, 53)
(657, 119, 78, 78)
(790, 171, 80, 80)
(568, 132, 100, 100)
(349, 110, 129, 129)
(217, 134, 165, 165)
(324, 44, 148, 148)
0--Parade\0_Parade_Parade_0_376.jpg
4
(768, 154, 52, 52)
(183, 438, 76, 76)
(634, 262, 60, 60)
(768, 194, 137, 137)
0--Parade\0_Parade_Parade_0_377.jpg
7
(972, 339, 25, 25)
(940, 346, 30, 30)
(500, 416, 55, 55)
(243, 506, 91, 91)
(487, 299, 80, 80)
(815, 548, 64, 64)
(510, 582, 70, 70)
0--Parade\0_Parade_Parade_0_382.jpg
7
(908, 301, 31, 31)
(795, 217, 31, 31)
(575, 135, 48, 48)
(104, 232, 71, 71)
(440, 232, 69, 69)
(110, 177, 65, 65)
(523, 73, 183, 183)
0--Parade\0_Parade_Parade_0_429.jpg
7
(937, 702, 55, 55)
(475, 150, 97, 97)
(600, 252, 112, 112)
(694, 198, 119, 119)
(140, 257, 130, 130)
(67, 108, 27, 27)
(705, 239, 132, 132)
0--Parade\0_Parade_Parade_0_43.jpg
12
(676, 448, 26, 26)
(186, 386, 25, 25)
(600, 463, 30, 30)
(151, 507, 26, 26)
(653, 349, 26, 26)
(648, 78, 51, 51)
(741, 475, 32, 32)
(899, 544, 53, 53)
(115, 536, 41, 41)
(229, 539, 44, 44)
(562, 533, 60, 60)
(543, 288, 25, 25)
0--Parade\0_Parade_Parade_0_443.jpg
5
(297, 178, 53, 53)
(368, 239, 62, 62)
(684, 306, 77, 77)
(216, 270, 55, 55)
(341, 357, 112, 112)
0--Parade\0_Parade_Parade_0_459.jpg
3
(50, 748, 35, 35)
(131, 659, 130, 130)
(22, 928, 66, 66)
0--Parade\0_Parade_Parade_0_461.jpg
2
(457, 103, 216, 216)
(604, 589, 122, 122)
0--Parade\0_Parade_Parade_0_465.jpg
4
(537, 394, 29, 29)
(506, 548, 54, 54)
(487, 124, 126, 126)
(398, 118, 121, 121)
0--Parade\0_Parade_Parade_0_468.jpg
7
(145, 477, 66, 66)
(330, 1181, 72, 72)
(879, 210, 54, 54)
(421, 615, 367, 367)
(970, 1119, 30, 30)
(59, 1236, 61, 61)
(88, 647, 69, 69)
0--Parade\0_Parade_Parade_0_470.jpg
20
(134, 76, 43, 43)
(928, 270, 74, 74)
(461, 142, 69, 69)
(838, 234, 64, 64)
(615, 136, 75, 75)
(416, 208, 82, 82)
(462, 332, 96, 96)
(771, 231, 75, 75)
(302, 82, 66, 66)
(316, 384, 99, 99)
(294, 238, 81, 81)
(128, 476, 102, 102)
(704, 244, 70, 70)
(322, 162, 80, 80)
(578, 249, 86, 86)
(37, 162, 103, 103)
(889, 175, 68, 68)
(148, 173, 99, 99)
(536, 193, 75, 75)
(851, 177, 60, 60)
0--Parade\0_Parade_Parade_0_472.jpg
3
(598, 260, 53, 53)
(290, 273, 53, 53)
(134, 291, 59, 59)
0--Parade\0_Parade_Parade_0_478.jpg
4
(834, 599, 50, 50)
(763, 121, 36, 36)
(831, 572, 63, 63)
(195, 520, 103, 103)
0--Parade\0_Parade_Parade_0_490.jpg
18
(712, 843, 26, 26)
(923, 6, 30, 30)
(381, 98, 27, 27)
(906, 85, 31, 31)
(751, 85, 38, 38)
(226, 323, 60, 60)
(4, 293, 51, 51)
(587, 171, 49, 49)
(88, 184, 57, 57)
(455, 326, 74, 74)
(225, 448, 68, 68)
(110, 443, 103, 103)
(738, 156, 39, 39)
(50, 292, 47, 47)
(874, 54, 28, 28)
(443, 70, 26, 26)
(722, 239, 52, 52)
(494, 157, 36, 36)
0--Parade\0_Parade_Parade_0_502.jpg
7
(525, 362, 25, 25)
(440, 607, 27, 27)
(460, 401, 41, 41)
(939, 167, 61, 61)
(399, 456, 87, 87)
(704, 461, 237, 237)
(766, 426, 163, 163)
0--Parade\0_Parade_Parade_0_519.jpg
7
(82, 248, 44, 44)
(48, 642, 107, 107)
(594, 418, 51, 51)
(811, 456, 58, 58)
(156, 249, 106, 106)
(275, 199, 42, 42)
(863, 253, 105, 105)
0--Parade\0_Parade_Parade_0_53.jpg
4
(314, 545, 36, 36)
(794, 181, 56, 56)
(440, 149, 202, 202)
(265, 168, 53, 53)
0--Parade\0_Parade_Parade_0_545.jpg
3
(146, 384, 248, 248)
(910, 164, 57, 57)
(918, 255, 60, 60)
0--Parade\0_Parade_Parade_0_559.jpg
8
(452, 460, 30, 30)
(732, 315, 32, 32)
(649, 448, 46, 46)
(390, 423, 53, 53)
(26, 452, 111, 111)
(335, 524, 104, 104)
(179, 99, 67, 67)
(645, 410, 56, 56)
0--Parade\0_Parade_Parade_0_611.jpg
4
(371, 285, 42, 42)
(588, 151, 49, 49)
(332, 443, 120, 120)
(863, 25, 30, 30)
0--Parade\0_Parade_Parade_0_616.jpg
11
(9, 587, 30, 30)
(388, 719, 77, 77)
(494, 233, 47, 47)
(151, 582, 48, 48)
(130, 453, 51, 51)
(755, 110, 106, 106)
(658, 139, 85, 85)
(466, 46, 100, 100)
(101, 169, 95, 95)
(511, 621, 188, 188)
(247, 120, 102, 102)
0--Parade\0_Parade_Parade_0_628.jpg
3
(510, 268, 38, 38)
(280, 139, 58, 58)
(306, 240, 28, 28)
0--Parade\0_Parade_Parade_0_639.jpg
10
(710, 79, 29, 29)
(636, 582, 62, 62)
(958, 315, 54, 54)
(584, 84, 67, 67)
(273, 374, 76, 76)
(7, 277, 120, 120)
(76, 161, 156, 156)
(90, 282, 166, 166)
(75, 221, 164, 164)
(817, 40, 71, 71)
0--Parade\0_Parade_Parade_0_664.jpg
1
(937, 337, 31, 31)
0--Parade\0_Parade_Parade_0_68.jpg
3
(620, 401, 49, 49)
(328, 379, 48, 48)
(468, 371, 81, 81)
0--Parade\0_Parade_Parade_0_688.jpg
3
(534, 460, 25, 25)
(335, 517, 55, 55)
(803, 675, 54, 54)
0--Parade\0_Parade_Parade_0_72.jpg
4
(30, 638, 30, 30)
(290, 340, 62, 62)
(28, 249, 263, 263)
(64, 258, 70, 70)
0--Parade\0_Parade_Parade_0_757.jpg
4
(521, 298, 53, 53)
(627, 209, 85, 85)
(229, 97, 232, 232)
(117, 126, 45, 45)
0--Parade\0_Parade_Parade_0_814.jpg
2
(465, 260, 56, 56)
(710, 363, 65, 65)
0--Parade\0_Parade_Parade_0_829.jpg
10
(654, 25, 63, 63)
(108, 884, 59, 59)
(461, 178, 381, 381)
(311, 747, 55, 55)
(700, 594, 108, 108)
(76, 1042, 89, 89)
(453, 1033, 103, 103)
(21, 1031, 116, 116)
(305, 723, 59, 59)
(785, 823, 56, 56)
0--Parade\0_Parade_Parade_0_850.jpg
5
(247, 314, 27, 27)
(523, 155, 135, 135)
(612, 233, 210, 210)
(532, 334, 50, 50)
(959, 252, 60, 60)
0--Parade\0_Parade_Parade_0_854.jpg
9
(125, 727, 28, 28)
(158, 728, 26, 26)
(948, 513, 31, 31)
(45, 734, 31, 31)
(789, 440, 43, 43)
(588, 256, 254, 254)
(253, 136, 85, 85)
(524, 265, 40, 40)
(911, 580, 50, 50)
0--Parade\0_Parade_Parade_0_873.jpg
21
(847, 328, 29, 29)
(271, 373, 28, 28)
(738, 314, 27, 27)
(61, 451, 25, 25)
(814, 319, 27, 27)
(393, 323, 35, 35)
(3, 337, 28, 28)
(298, 354, 28, 28)
(143, 410, 37, 37)
(663, 364, 29, 29)
(806, 511, 67, 67)
(317, 459, 64, 64)
(802, 433, 65, 65)
(926, 298, 28, 28)
(206, 492, 66, 66)
(917, 398, 56, 56)
(474, 309, 25, 25)
(206, 306, 29, 29)
(624, 366, 27, 27)
(72, 370, 32, 32)
(332, 368, 34, 34)
0--Parade\0_Parade_Parade_0_887.jpg
9
(189, 144, 37, 37)
(656, 193, 71, 71)
(517, 240, 67, 67)
(278, 299, 63, 63)
(222, 264, 68, 68)
(485, 328, 87, 87)
(146, 368, 83, 83)
(269, 254, 100, 100)
(188, 56, 102, 102)
0--Parade\0_Parade_Parade_0_901.jpg
3
(252, 688, 189, 189)
(259, 1030, 57, 57)
(671, 1030, 62, 62)
0--Parade\0_Parade_Parade_0_906.jpg
17
(768, 150, 26, 26)
(600, 235, 160, 160)
(239, 257, 127, 127)
(772, 158, 42, 42)
(345, 289, 84, 84)
(550, 269, 88, 88)
(766, 266, 45, 45)
(433, 266, 126, 126)
(620, 672, 72, 72)
(156, 522, 68, 68)
(283, 520, 75, 75)
(783, 625, 64, 64)
(176, 647, 72, 72)
(87, 643, 74, 74)
(884, 641, 76, 76)
(492, 98, 55, 55)
(492, 518, 74, 74)
0--Parade\0_Parade_Parade_0_913.jpg
1
(18, 111, 89, 89)
0--Parade\0_Parade_Parade_0_917.jpg
2
(564, 471, 60, 60)
(696, 245, 129, 129)
0--Parade\0_Parade_Parade_0_960.jpg
5
(224, 21, 95, 95)
(697, 239, 82, 82)
(576, 686, 72, 72)
(866, 200, 92, 92)
(47, 219, 130, 130)
1--Handshaking\1_Handshaking_Handshaking_1_107.jpg
2
(353, 179, 255, 255)
(430, 548, 57, 57)
1--Handshaking\1_Handshaking_Handshaking_1_134.jpg
4
(585, 77, 43, 43)
(297, 77, 113, 113)
(812, 108, 33, 33)
(80, 251, 72, 72)
1--Handshaking\1_Handshaking_Handshaking_1_158.jpg
7
(796, 655, 65, 65)
(249, 442, 92, 92)
(898, 141, 60, 60)
(30, 282, 218, 218)
(556, 160, 102, 102)
(215, 155, 153, 153)
(652, 174, 84, 84)
1--Handshaking\1_Handshaking_Handshaking_1_209.jpg
0
1--Handshaking\1_Handshaking_Handshaking_1_236.jpg
9
(979, 273, 28, 28)
(913, 230, 33, 33)
(861, 248, 34, 34)
(497, 190, 64, 64)
(66, 560, 76, 76)
(297, 312, 77, 77)
(315, 374, 79, 79)
(725, 239, 41, 41)
(282, 235, 137, 137)
1--Handshaking\1_Handshaking_Handshaking_1_275.jpg
3
(415, 272, 235, 235)
(365, 1246, 225, 225)
(458, 972, 180, 180)
1--Handshaking\1_Handshaking_Handshaking_1_313.jpg
1
(237, 196, 81, 81)
1--Handshaking\1_Handshaking_Handshaking_1_314.jpg
9
(170, 8, 41, 41)
(368, 373, 54, 54)
(798, 203, 70, 70)
(632, 19, 52, 52)
(68, 60, 87, 87)
(356, 80, 89, 89)
(451, 379, 138, 138)
(852, 46, 43, 43)
(619, 40, 82, 82)
1--Handshaking\1_Handshaking_Handshaking_1_343.jpg
9
(485, 80, 73, 73)
(881, 82, 71, 71)
(89, 82, 76, 76)
(662, 545, 73, 73)
(875, 208, 94, 94)
(725, 547, 69, 69)
(292, 101, 78, 78)
(239, 324, 230, 230)
(698, 96, 67, 67)
1--Handshaking\1_Handshaking_Handshaking_1_35.jpg
5
(374, 136, 241, 241)
(671, 816, 62, 62)
(127, 1099, 67, 67)
(131, 459, 64, 64)
(667, 750, 110, 110)
1--Handshaking\1_Handshaking_Handshaking_1_356.jpg
2
(416, 836, 51, 51)
(341, 621, 51, 51)
1--Handshaking\1_Handshaking_Handshaking_1_357.jpg
9
(546, 344, 30, 30)
(803, 591, 59, 59)
(613, 504, 52, 52)
(770, 483, 54, 54)
(746, 417, 56, 56)
(496, 512, 56, 56)
(568, 206, 139, 139)
(142, 116, 144, 144)
(760, 437, 81, 81)
1--Handshaking\1_Handshaking_Handshaking_1_362.jpg
1
(604, 198, 55, 55)
1--Handshaking\1_Handshaking_Handshaking_1_380.jpg
3
(740, 187, 58, 58)
(37, 12, 126, 126)
(732, 99, 70, 70)
1--Handshaking\1_Handshaking_Handshaking_1_411.jpg
4
(766, 128, 45, 45)
(275, 6, 142, 142)
(735, 165, 87, 87)
(15, 80, 133, 133)
1--Handshaking\1_Handshaking_Handshaking_1_453.jpg
7
(327, 113, 66, 66)
(672, 608, 68, 68)
(686, 515, 54, 54)
(217, 544, 86, 86)
(711, 358, 109, 109)
(103, 6, 75, 75)
(303, 290, 106, 106)
1--Handshaking\1_Handshaking_Handshaking_1_457.jpg
1
(388, 175, 449, 449)
1--Handshaking\1_Handshaking_Handshaking_1_465.jpg
2
(283, 270, 77, 77)
(315, 324, 76, 76)
1--Handshaking\1_Handshaking_Handshaking_1_522.jpg
10
(251, 177, 26, 26)
(302, 445, 30, 30)
(459, 109, 50, 50)
(426, 231, 37, 37)
(681, 53, 110, 110)
(716, 174, 96, 96)
(408, 135, 65, 65)
(693, 308, 57, 57)
(78, 250, 53, 53)
(668, 306, 58, 58)
1--Handshaking\1_Handshaking_Handshaking_1_567.jpg
3
(463, 1482, 50, 50)
(92, 355, 592, 592)
(563, 1250, 100, 100)
1--Handshaking\1_Handshaking_Handshaking_1_579.jpg
31
(529, 196, 27, 27)
(634, 197, 29, 29)
(360, 199, 27, 27)
(494, 202, 27, 27)
(148, 205, 29, 29)
(583, 205, 28, 28)
(380, 279, 30, 30)
(85, 210, 30, 30)
(243, 146, 26, 26)
(584, 253, 33, 33)
(189, 150, 25, 25)
(303, 260, 28, 28)
(854, 257, 34, 34)
(644, 280, 39, 39)
(268, 217, 33, 33)
(771, 355, 37, 37)
(528, 314, 35, 35)
(948, 159, 27, 27)
(438, 312, 33, 33)
(672, 369, 36, 36)
(296, 136, 50, 50)
(282, 136, 49, 49)
(625, 243, 82, 82)
(748, 305, 33, 33)
(527, 238, 29, 29)
(174, 243, 31, 31)
(890, 175, 27, 27)
(375, 177, 26, 26)
(31, 161, 27, 27)
(625, 236, 32, 32)
(227, 239, 29, 29)
1--Handshaking\1_Handshaking_Handshaking_1_602.jpg
4
(111, 198, 51, 51)
(219, 375, 78, 78)
(53, 346, 66, 66)
(335, 259, 64, 64)
1--Handshaking\1_Handshaking_Handshaking_1_664.jpg
8
(482, 412, 62, 62)
(803, 229, 33, 33)
(215, 247, 53, 53)
(773, 59, 71, 71)
(556, 90, 102, 102)
(620, 65, 166, 166)
(784, 93, 26, 26)
(848, 24, 56, 56)
1--Handshaking\1_Handshaking_Handshaking_1_733.jpg
3
(450, 227, 26, 26)
(348, 66, 53, 53)
(743, 143, 158, 158)
1--Handshaking\1_Handshaking_Handshaking_1_762.jpg
6
(385, 876, 30, 30)
(137, 212, 352, 352)
(810, 493, 51, 51)
(870, 918, 121, 121)
(623, 471, 153, 153)
(678, 932, 67, 67)
1--Handshaking\1_Handshaking_Handshaking_1_766.jpg
1
(359, 126, 325, 325)
1--Handshaking\1_Handshaking_Handshaking_1_781.jpg
9
(490, 1277, 50, 50)
(396, 830, 68, 68)
(891, 567, 52, 52)
(131, 206, 52, 52)
(641, 320, 304, 304)
(630, 694, 71, 71)
(256, 614, 81, 81)
(254, 368, 48, 48)
(206, 529, 68, 68)
1--Handshaking\1_Handshaking_Handshaking_1_801.jpg
8
(430, 146, 44, 44)
(391, 204, 40, 40)
(431, 208, 38, 38)
(390, 142, 43, 43)
(638, 44, 65, 65)
(546, 78, 70, 70)
(61, 58, 73, 73)
(856, 53, 98, 98)
1--Handshaking\1_Handshaking_Handshaking_1_827.jpg
3
(519, 501, 40, 40)
(805, 640, 26, 26)
(777, 167, 84, 84)
1--Handshaking\1_Handshaking_Handshaking_1_94.jpg
4
(938, 1304, 59, 59)
(324, 575, 108, 108)
(384, 262, 265, 265)
(330, 1041, 124, 124)
4--Dancing\4_Dancing_Dancing_4_1000.jpg
2
(154, 1152, 110, 110)
(266, 296, 484, 484)
4--Dancing\4_Dancing_Dancing_4_1026.jpg
8
(282, 294, 58, 58)
(23, 409, 96, 96)
(635, 204, 192, 192)
(593, 96, 126, 126)
(457, 148, 129, 129)
(786, 117, 140, 140)
(99, 114, 152, 152)
(293, 156, 133, 133)
4--Dancing\4_Dancing_Dancing_4_1028.jpg
3
(143, 777, 67, 67)
(249, 164, 330, 330)
(323, 587, 346, 346)
4--Dancing\4_Dancing_Dancing_4_1029.jpg
4
(87, 1020, 42, 42)
(327, 79, 99, 99)
(937, 968, 52, 52)
(541, 65, 159, 159)
4--Dancing\4_Dancing_Dancing_4_1036.jpg
2
(773, 65, 64, 64)
(221, 155, 165, 165)
4--Dancing\4_Dancing_Dancing_4_1043.jpg
9
(911, 243, 57, 57)
(875, 206, 51, 51)
(878, 69, 80, 80)
(823, 185, 57, 57)
(149, 560, 61, 61)
(321, 207, 115, 115)
(369, 118, 106, 106)
(709, 49, 66, 66)
(200, 246, 40, 40)
4--Dancing\4_Dancing_Dancing_4_124.jpg
3
(346, 157, 169, 169)
(537, 709, 264, 264)
(693, 1084, 45, 45)
4--Dancing\4_Dancing_Dancing_4_156.jpg
4
(478, 129, 43, 43)
(153, 11, 51, 51)
(78, 626, 27, 27)
(900, 13, 73, 73)
4--Dancing\4_Dancing_Dancing_4_162.jpg
1
(214, 149, 287, 287)
4--Dancing\4_Dancing_Dancing_4_189.jpg
2
(571, 684, 53, 53)
(526, 65, 146, 146)
4--Dancing\4_Dancing_Dancing_4_194.jpg
1
(387, 329, 53, 53)
4--Dancing\4_Dancing_Dancing_4_21.jpg
2
(696, 197, 107, 107)
(327, 589, 89, 89)
4--Dancing\4_Dancing_Dancing_4_224.jpg
4
(182, 574, 29, 29)
(260, 137, 56, 56)
(497, 41, 150, 150)
(315, 75, 115, 115)
4--Dancing\4_Dancing_Dancing_4_228.jpg
4
(264, 157, 54, 54)
(288, 94, 63, 63)
(601, 104, 49, 49)
(436, 118, 52, 52)
4--Dancing\4_Dancing_Dancing_4_240.jpg
13
(118, 592, 39, 39)
(247, 189, 74, 74)
(102, 157, 74, 74)
(778, 554, 31, 31)
(522, 162, 77, 77)
(675, 120, 74, 74)
(221, 14, 57, 57)
(894, 512, 63, 63)
(478, 42, 27, 27)
(299, 39, 29, 29)
(501, 403, 61, 61)
(393, 212, 70, 70)
(828, 101, 69, 69)
4--Dancing\4_Dancing_Dancing_4_253.jpg
2
(480, 348, 51, 51)
(360, 93, 55, 55)
4--Dancing\4_Dancing_Dancing_4_289.jpg
2
(254, 334, 80, 80)
(181, 178, 132, 132)
4--Dancing\4_Dancing_Dancing_4_319.jpg
18
(440, 142, 32, 32)
(2, 19, 31, 31)
(197, 90, 31, 31)
(319, 9, 31, 31)
(408, 75, 36, 36)
(213, 157, 45, 45)
(175, 510, 54, 54)
(961, 79, 47, 47)
(951, 29, 35, 35)
(924, 308, 89, 89)
(449, 560, 28, 28)
(685, 61, 34, 34)
(729, 50, 45, 45)
(147, 63, 39, 39)
(548, 33, 43, 43)
(342, 46, 36, 36)
(481, 60, 39, 39)
(650, 51, 39, 39)
4--Dancing\4_Dancing_Dancing_4_327.jpg
1
(324, 732, 82, 82)
4--Dancing\4_Dancing_Dancing_4_375.jpg
3
(111, 665, 67, 67)
(88, 322, 29, 29)
(728, 595, 76, 76)
4--Dancing\4_Dancing_Dancing_4_378.jpg
6
(666, 169, 54, 54)
(952, 572, 26, 26)
(770, 90, 90, 90)
(633, 577, 105, 105)
(694, 52, 90, 90)
(458, 632, 53, 53)
4--Dancing\4_Dancing_Dancing_4_384.jpg
2
(441, 143, 175, 175)
(383, 503, 140, 140)
4--Dancing\4_Dancing_Dancing_4_41.jpg
2
(45, 265, 26, 26)
(19, 400, 30, 30)
4--Dancing\4_Dancing_Dancing_4_422.jpg
3
(380, 166, 43, 43)
(239, 543, 60, 60)
(434, 84, 127, 127)
4--Dancing\4_Dancing_Dancing_4_489.jpg
37
(933, 9, 28, 28)
(355, 396, 28, 28)
(817, 163, 37, 37)
(415, 59, 52, 52)
(596, 213, 59, 59)
(536, 232, 57, 57)
(770, 239, 58, 58)
(698, 284, 54, 54)
(271, 242, 56, 56)
(389, 243, 52, 52)
(930, 348, 47, 47)
(525, 60, 51, 51)
(902, 44, 45, 45)
(883, 104, 41, 41)
(169, 239, 61, 61)
(479, 108, 48, 48)
(295, 66, 50, 50)
(898, 439, 60, 60)
(821, 110, 49, 49)
(801, 21, 43, 43)
(746, 108, 51, 51)
(124, 116, 55, 55)
(394, 124, 57, 57)
(247, 129, 56, 56)
(660, 100, 57, 57)
(619, 282, 53, 53)
(900, 246, 71, 71)
(173, 97, 79, 79)
(911, 136, 52, 52)
(755, 42, 39, 39)
(537, 430, 48, 48)
(683, 26, 53, 53)
(181, 77, 55, 55)
(609, 77, 53, 53)
(338, 79, 51, 51)
(186, 138, 59, 59)
(556, 139, 48, 48)
4--Dancing\4_Dancing_Dancing_4_494.jpg
1
(317, 165, 292, 292)
4--Dancing\4_Dancing_Dancing_4_514.jpg
8
(13, 388, 58, 58)
(173, 92, 81, 81)
(810, 326, 72, 72)
(370, 113, 96, 96)
(793, 10, 115, 115)
(59, 288, 157, 157)
(413, 41, 59, 59)
(522, 42, 77, 77)
4--Dancing\4_Dancing_Dancing_4_517.jpg
0
4--Dancing\4_Dancing_Dancing_4_53.jpg
5
(290, 189, 80, 80)
(564, 278, 80, 80)
(391, 238, 84, 84)
(46, 215, 57, 57)
(94, 224, 90, 90)
4--Dancing\4_Dancing_Dancing_4_57.jpg
2
(456, 451, 71, 71)
(730, 161, 29, 29)
4--Dancing\4_Dancing_Dancing_4_715.jpg
4
(415, 440, 39, 39)
(483, 468, 49, 49)
(202, 273, 198, 198)
(660, 125, 54, 54)
4--Dancing\4_Dancing_Dancing_4_718.jpg
2
(476, 177, 97, 97)
(499, 222, 64, 64)
4--Dancing\4_Dancing_Dancing_4_769.jpg
3
(398, 125, 59, 59)
(455, 235, 58, 58)
(392, 86, 90, 90)
4--Dancing\4_Dancing_Dancing_4_813.jpg
2
(471, 67, 137, 137)
(315, 149, 127, 127)
4--Dancing\4_Dancing_Dancing_4_84.jpg
12
(218, 73, 27, 27)
(148, 76, 25, 25)
(473, 133, 46, 46)
(336, 155, 47, 47)
(693, 158, 54, 54)
(347, 326, 99, 99)
(203, 211, 100, 100)
(269, 133, 26, 26)
(843, 108, 43, 43)
(98, 130, 33, 33)
(476, 192, 30, 30)
(126, 177, 48, 48)
4--Dancing\4_Dancing_Dancing_4_854.jpg
6
(219, 327, 58, 58)
(734, 212, 135, 135)
(537, 312, 99, 99)
(351, 252, 119, 119)
(205, 222, 116, 116)
(189, 300, 115, 115)
4--Dancing\4_Dancing_Dancing_4_878.jpg
8
(438, 1426, 84, 84)
(218, 96, 45, 45)
(508, 1044, 60, 60)
(492, 1410, 79, 79)
(468, 302, 92, 92)
(382, 566, 299, 299)
(450, 187, 138, 138)
(421, 197, 105, 105)
4--Dancing\4_Dancing_Dancing_4_885.jpg
3
(243, 159, 60, 60)
(779, 1285, 51, 51)
(347, 183, 239, 239)
4--Dancing\4_Dancing_Dancing_4_915.jpg
5
(815, 807, 82, 82)
(447, 143, 270, 270)
(167, 52, 31, 31)
(637, 459, 28, 28)
(721, 555, 164, 164)
4--Dancing\4_Dancing_Dancing_4_922.jpg
2
(283, 204, 406, 406)
(837, 1114, 66, 66)
4--Dancing\4_Dancing_Dancing_4_960.jpg
2
(449, 784, 59, 59)
(373, 106, 214, 214)
4--Dancing\4_Dancing_Dancing_4_97.jpg
6
(241, 307, 27, 27)
(531, 320, 27, 27)
(294, 279, 30, 30)
(376, 327, 27, 27)
(68, 288, 68, 68)
(314, 114, 38, 38)
4--Dancing\4_Dancing_Dancing_4_983.jpg
3
(252, 60, 397, 397)
(718, 302, 79, 79)
(753, 90, 104, 104)
20--Family_Group\20_Family_Group_Family_Group_20_100.jpg
9
(854, 43, 124, 124)
(157, 154, 85, 85)
(294, 161, 89, 89)
(309, 228, 55, 55)
(495, 176, 90, 90)
(679, 195, 98, 98)
(134, 204, 131, 131)
(828, 282, 52, 52)
(839, 224, 48, 48)
20--Family_Group\20_Family_Group_Family_Group_20_1003.jpg
6
(764, 181, 49, 49)
(617, 164, 123, 123)
(465, 130, 165, 165)
(194, 70, 149, 149)
(323, 102, 172, 172)
(862, 43, 37, 37)
20--Family_Group\20_Family_Group_Family_Group_20_101.jpg
18
(201, 216, 57, 57)
(134, 90, 46, 46)
(522, 463, 55, 55)
(33, 62, 54, 54)
(778, 277, 55, 55)
(222, 63, 51, 51)
(629, 72, 54, 54)
(724, 74, 55, 55)
(68, 268, 55, 55)
(374, 24, 54, 54)
(884, 293, 61, 61)
(549, 67, 53, 53)
(657, 262, 56, 56)
(552, 242, 54, 54)
(808, 55, 83, 83)
(831, 93, 61, 61)
(488, 52, 48, 48)
(964, 57, 57, 57)
20--Family_Group\20_Family_Group_Family_Group_20_1015.jpg
9
(699, 277, 64, 64)
(744, 232, 90, 90)
(44, 507, 27, 27)
(377, 292, 86, 86)
(382, 332, 70, 70)
(653, 174, 89, 89)
(744, 326, 86, 86)
(636, 317, 117, 117)
(510, 352, 103, 103)
20--Family_Group\20_Family_Group_Family_Group_20_1026.jpg
6
(199, 604, 29, 29)
(576, 245, 66, 66)
(661, 240, 95, 95)
(455, 483, 82, 82)
(368, 287, 71, 71)
(199, 451, 81, 81)
20--Family_Group\20_Family_Group_Family_Group_20_1037.jpg
7
(105, 232, 48, 48)
(564, 53, 74, 74)
(5, 194, 95, 95)
(138, 136, 97, 97)
(916, 158, 74, 74)
(335, 54, 85, 85)
(751, 108, 78, 78)
20--Family_Group\20_Family_Group_Family_Group_20_108.jpg
7
(98, 575, 162, 162)
(719, 394, 87, 87)
(812, 126, 85, 85)
(244, 70, 85, 85)
(447, 230, 75, 75)
(679, 190, 83, 83)
(140, 34, 586, 586)
20--Family_Group\20_Family_Group_Family_Group_20_109.jpg
7
(317, 477, 26, 26)
(389, 97, 80, 80)
(394, 607, 63, 63)
(168, 30, 80, 80)
(149, 338, 70, 70)
(286, 164, 71, 71)
(286, 220, 60, 60)
20--Family_Group\20_Family_Group_Family_Group_20_193.jpg
5
(835, 1173, 61, 61)
(94, 723, 125, 125)
(322, 811, 121, 121)
(269, 836, 170, 170)
(659, 920, 68, 68)
20--Family_Group\20_Family_Group_Family_Group_20_22.jpg
13
(466, 221, 39, 39)
(616, 229, 39, 39)
(540, 241, 32, 32)
(709, 279, 41, 41)
(173, 285, 43, 43)
(241, 276, 47, 47)
(305, 243, 40, 40)
(339, 250, 41, 41)
(406, 254, 32, 32)
(622, 285, 61, 61)
(600, 537, 57, 57)
(185, 336, 139, 139)
(754, 264, 45, 45)
20--Family_Group\20_Family_Group_Family_Group_20_227.jpg
9
(557, 63, 277, 277)
(553, 243, 49, 49)
(748, 137, 98, 98)
(616, 186, 165, 165)
(479, 488, 112, 112)
(828, 409, 152, 152)
(290, 221, 150, 150)
(204, 679, 52, 52)
(482, 272, 92, 92)
20--Family_Group\20_Family_Group_Family_Group_20_255.jpg
22
(73, 376, 26, 26)
(880, 640, 29, 29)
(827, 460, 48, 48)
(199, 342, 50, 50)
(577, 599, 52, 52)
(226, 530, 58, 58)
(596, 423, 71, 71)
(477, 415, 80, 80)
(191, 656, 71, 71)
(124, 667, 78, 78)
(303, 444, 65, 65)
(15, 172, 63, 63)
(131, 441, 82, 82)
(959, 658, 27, 27)
(885, 379, 69, 69)
(371, 373, 100, 100)
(900, 734, 52, 52)
(364, 307, 50, 50)
(653, 233, 56, 56)
(782, 229, 52, 52)
(738, 381, 75, 75)
(513, 127, 59, 59)
20--Family_Group\20_Family_Group_Family_Group_20_27.jpg
8
(771, 201, 82, 82)
(537, 441, 96, 96)
(178, 145, 94, 94)
(299, 154, 85, 85)
(653, 88, 317, 317)
(695, 229, 83, 83)
(62, 314, 48, 48)
(516, 40, 73, 73)
20--Family_Group\20_Family_Group_Family_Group_20_272.jpg
14
(678, 444, 30, 30)
(651, 89, 54, 54)
(378, 94, 55, 55)
(969, 156, 53, 53)
(946, 273, 64, 64)
(541, 39, 62, 62)
(826, 50, 53, 53)
(470, 57, 60, 60)
(720, 31, 55, 55)
(463, 92, 68, 68)
(170, 153, 139, 139)
(275, 28, 56, 56)
(19, 77, 51, 51)
(110, 31, 64, 64)
20--Family_Group\20_Family_Group_Family_Group_20_277.jpg
5
(224, 24, 97, 97)
(257, 466, 91, 91)
(679, 27, 215, 215)
(335, 121, 138, 138)
(164, 190, 58, 58)
20--Family_Group\20_Family_Group_Family_Group_20_282.jpg
1
(699, 269, 32, 32)
20--Family_Group\20_Family_Group_Family_Group_20_294.jpg
26
(549, 363, 32, 32)
(649, 362, 34, 34)
(465, 306, 34, 34)
(383, 227, 35, 35)
(583, 229, 31, 31)
(383, 313, 37, 37)
(558, 276, 35, 35)
(481, 207, 40, 40)
(650, 220, 35, 35)
(558, 643, 113, 113)
(207, 234, 49, 49)
(133, 391, 45, 45)
(740, 250, 37, 37)
(169, 182, 41, 41)
(840, 255, 35, 35)
(393, 184, 38, 38)
(783, 168, 53, 53)
(869, 480, 52, 52)
(376, 505, 67, 67)
(347, 231, 47, 47)
(237, 339, 31, 31)
(789, 190, 40, 40)
(677, 260, 33, 33)
(698, 194, 38, 38)
(774, 273, 34, 34)
(358, 273, 29, 29)
20--Family_Group\20_Family_Group_Family_Group_20_318.jpg
7
(454, 395, 112, 112)
(608, 255, 36, 36)
(170, 171, 84, 84)
(419, 52, 90, 90)
(874, 429, 51, 51)
(846, 202, 128, 128)
(744, 288, 76, 76)
20--Family_Group\20_Family_Group_Family_Group_20_326.jpg
16
(344, 236, 33, 33)
(231, 180, 28, 28)
(511, 250, 28, 28)
(418, 377, 28, 28)
(867, 337, 31, 31)
(444, 274, 40, 40)
(433, 235, 33, 33)
(812, 226, 34, 34)
(389, 246, 35, 35)
(856, 200, 36, 36)
(800, 287, 33, 33)
(628, 192, 49, 49)
(694, 220, 48, 48)
(136, 191, 60, 60)
(96, 496, 65, 65)
(589, 375, 118, 118)
20--Family_Group\20_Family_Group_Family_Group_20_33.jpg
26
(434, 308, 30, 30)
(166, 299, 36, 36)
(467, 319, 34, 34)
(323, 288, 35, 35)
(661, 310, 31, 31)
(591, 412, 46, 46)
(345, 446, 48, 48)
(742, 389, 37, 37)
(116, 294, 49, 49)
(451, 397, 42, 42)
(249, 305, 41, 41)
(260, 401, 42, 42)
(693, 401, 44, 44)
(357, 333, 35, 35)
(546, 374, 49, 49)
(84, 331, 43, 43)
(889, 329, 47, 47)
(216, 337, 39, 39)
(418, 285, 56, 56)
(787, 410, 41, 41)
(653, 418, 138, 138)
(522, 333, 92, 92)
(632, 339, 33, 33)
(548, 342, 29, 29)
(767, 344, 33, 33)
(827, 347, 30, 30)
20--Family_Group\20_Family_Group_Family_Group_20_339.jpg
19
(526, 196, 35, 35)
(360, 126, 52, 52)
(239, 133, 50, 50)
(962, 90, 56, 56)
(616, 182, 40, 40)
(762, 147, 50, 50)
(589, 402, 53, 53)
(955, 22, 62, 62)
(152, 162, 43, 43)
(722, 205, 51, 51)
(425, 2, 134, 134)
(518, 335, 91, 91)
(496, 265, 115, 115)
(847, 103, 51, 51)
(35, 91, 51, 51)
(225, 220, 105, 105)
(444, 170, 44, 44)
(538, 502, 61, 61)
(693, 164, 46, 46)
20--Family_Group\20_Family_Group_Family_Group_20_360.jpg
7
(141, 519, 51, 51)
(401, 236, 58, 58)
(723, 276, 83, 83)
(527, 264, 73, 73)
(349, 203, 115, 115)
(481, 311, 65, 65)
(621, 325, 135, 135)
20--Family_Group\20_Family_Group_Family_Group_20_374.jpg
7
(674, 618, 28, 28)
(387, 157, 29, 29)
(443, 1381, 30, 30)
(623, 799, 237, 237)
(270, 1189, 66, 66)
(65, 372, 397, 397)
(591, 1120, 136, 136)
20--Family_Group\20_Family_Group_Family_Group_20_387.jpg
12
(635, 970, 29, 29)
(207, 260, 41, 41)
(691, 332, 124, 124)
(581, 670, 128, 128)
(274, 360, 139, 139)
(300, 485, 86, 86)
(49, 468, 87, 87)
(442, 463, 139, 139)
(710, 598, 305, 305)
(473, 263, 128, 128)
(672, 1056, 30, 30)
(658, 1085, 68, 68)
20--Family_Group\20_Family_Group_Family_Group_20_411.jpg
24
(995, 84, 27, 27)
(504, 728, 60, 60)
(233, 502, 34, 34)
(309, 763, 54, 54)
(594, 387, 67, 67)
(756, 401, 63, 63)
(512, 751, 64, 64)
(212, 395, 66, 66)
(599, 463, 58, 58)
(470, 385, 78, 78)
(779, 224, 60, 60)
(316, 406, 72, 72)
(349, 66, 81, 81)
(667, 78, 78, 78)
(221, 99, 55, 55)
(523, 92, 73, 73)
(495, 700, 60, 60)
(368, 610, 51, 51)
(444, 670, 67, 67)
(841, 121, 48, 48)
(609, 669, 35, 35)
(641, 653, 56, 56)
(564, 622, 53, 53)
(323, 659, 79, 79)
20--Family_Group\20_Family_Group_Family_Group_20_412.jpg
9
(28, 668, 26, 26)
(397, 171, 81, 81)
(666, 263, 59, 59)
(240, 155, 93, 93)
(292, 623, 145, 145)
(230, 301, 58, 58)
(645, 278, 79, 79)
(518, 460, 51, 51)
(571, 220, 58, 58)
20--Family_Group\20_Family_Group_Family_Group_20_427.jpg
9
(815, 93, 62, 62)
(570, 216, 60, 60)
(356, 160, 59, 59)
(66, 366, 49, 49)
(87, 171, 70, 70)
(848, 160, 159, 159)
(214, 379, 66, 66)
(866, 233, 112, 112)
(320, 456, 98, 98)
20--Family_Group\20_Family_Group_Family_Group_20_447.jpg
6
(378, 482, 30, 30)
(822, 569, 67, 67)
(388, 525, 195, 195)
(392, 30, 272, 272)
(252, 395, 116, 116)
(363, 213, 56, 56)
20--Family_Group\20_Family_Group_Family_Group_20_453.jpg
8
(237, 716, 54, 54)
(888, 1289, 108, 108)
(205, 937, 163, 163)
(124, 842, 97, 97)
(236, 271, 140, 140)
(233, 457, 68, 68)
(129, 335, 132, 132)
(239, 522, 52, 52)
20--Family_Group\20_Family_Group_Family_Group_20_483.jpg
10
(709, 993, 50, 50)
(42, 736, 46, 46)
(200, 326, 79, 79)
(636, 120, 312, 312)
(116, 482, 68, 68)
(670, 243, 96, 96)
(509, 168, 78, 78)
(125, 436, 84, 84)
(339, 164, 98, 98)
(799, 251, 94, 94)
20--Family_Group\20_Family_Group_Family_Group_20_493.jpg
7
(742, 156, 56, 56)
(279, 156, 51, 51)
(617, 148, 56, 56)
(637, 233, 68, 68)
(374, 115, 62, 62)
(243, 135, 50, 50)
(10, 181, 56, 56)
20--Family_Group\20_Family_Group_Family_Group_20_540.jpg
29
(573, 347, 35, 35)
(462, 513, 35, 35)
(574, 491, 35, 35)
(434, 394, 28, 28)
(569, 240, 34, 34)
(317, 272, 35, 35)
(442, 456, 31, 31)
(127, 232, 46, 46)
(891, 234, 41, 41)
(390, 239, 39, 39)
(704, 207, 40, 40)
(750, 276, 39, 39)
(49, 277, 45, 45)
(808, 225, 41, 41)
(276, 528, 52, 52)
(136, 554, 45, 45)
(168, 305, 59, 59)
(497, 220, 44, 44)
(751, 255, 35, 35)
(647, 207, 61, 61)
(138, 125, 532, 532)
(538, 282, 88, 88)
(379, 192, 123, 123)
(0, 544, 38, 38)
(382, 332, 35, 35)
(459, 253, 33, 33)
(332, 602, 27, 27)
(464, 388, 50, 50)
(230, 622, 31, 31)
20--Family_Group\20_Family_Group_Family_Group_20_544.jpg
7
(230, 169, 45, 45)
(637, 323, 67, 67)
(251, 46, 85, 85)
(697, 57, 87, 87)
(135, 107, 83, 83)
(839, 113, 74, 74)
(376, 125, 80, 80)
20--Family_Group\20_Family_Group_Family_Group_20_556.jpg
26
(224, 366, 31, 31)
(178, 235, 55, 55)
(234, 298, 44, 44)
(725, 354, 54, 54)
(739, 231, 49, 49)
(346, 320, 35, 35)
(923, 234, 56, 56)
(498, 279, 49, 49)
(409, 356, 56, 56)
(115, 312, 61, 61)
(125, 242, 62, 62)
(666, 253, 50, 50)
(424, 254, 60, 60)
(765, 214, 55, 55)
(598, 430, 53, 53)
(264, 324, 59, 59)
(912, 520, 48, 48)
(729, 417, 54, 54)
(207, 491, 54, 54)
(586, 623, 56, 56)
(176, 488, 143, 143)
(793, 401, 78, 78)
(618, 267, 55, 55)
(470, 247, 113, 113)
(775, 268, 41, 41)
(352, 261, 53, 53)
20--Family_Group\20_Family_Group_Family_Group_20_579.jpg
19
(256, 288, 26, 26)
(69, 356, 64, 64)
(560, 220, 75, 75)
(465, 405, 102, 102)
(602, 692, 71, 71)
(857, 196, 82, 82)
(228, 451, 90, 90)
(702, 372, 108, 108)
(490, 489, 57, 57)
(45, 266, 222, 222)
(641, 135, 83, 83)
(344, 662, 38, 38)
(762, 131, 88, 88)
(159, 644, 55, 55)
(170, 623, 31, 31)
(147, 174, 76, 76)
(328, 176, 81, 81)
(443, 184, 84, 84)
(134, 257, 79, 79)
20--Family_Group\20_Family_Group_Family_Group_20_599.jpg
8
(814, 635, 34, 34)
(664, 487, 96, 96)
(374, 251, 118, 118)
(376, 709, 109, 109)
(425, 884, 124, 124)
(172, 866, 149, 149)
(205, 677, 98, 98)
(401, 668, 87, 87)
20--Family_Group\20_Family_Group_Family_Group_20_62.jpg
26
(512, 139, 32, 32)
(363, 207, 35, 35)
(331, 129, 45, 45)
(640, 308, 41, 41)
(236, 125, 46, 46)
(613, 126, 46, 46)
(410, 137, 46, 46)
(626, 386, 42, 42)
(708, 140, 49, 49)
(833, 153, 41, 41)
(78, 337, 47, 47)
(555, 309, 45, 45)
(437, 241, 48, 48)
(617, 388, 35, 35)
(754, 185, 49, 49)
(858, 205, 52, 52)
(138, 444, 49, 49)
(234, 216, 52, 52)
(103, 102, 54, 54)
(611, 425, 73, 73)
(471, 538, 32, 32)
(622, 169, 47, 47)
(531, 168, 47, 47)
(443, 165, 49, 49)
(184, 163, 55, 55)
(306, 174, 45, 45)
20--Family_Group\20_Family_Group_Family_Group_20_636.jpg
1
(351, 82, 67, 67)
20--Family_Group\20_Family_Group_Family_Group_20_64.jpg
25
(270, 26, 54, 54)
(785, 51, 64, 64)
(743, 144, 47, 47)
(537, 560, 45, 45)
(45, 134, 63, 63)
(647, 123, 64, 64)
(144, 227, 55, 55)
(753, 282, 58, 58)
(482, 190, 61, 61)
(602, 322, 52, 52)
(302, 322, 79, 79)
(170, 351, 54, 54)
(168, 434, 66, 66)
(165, 303, 69, 69)
(884, 311, 59, 59)
(747, 487, 94, 94)
(1, 373, 69, 69)
(713, 327, 73, 73)
(604, 395, 87, 87)
(457, 319, 78, 78)
(929, 341, 53, 53)
(280, 410, 91, 91)
(312, 161, 57, 57)
(538, 167, 50, 50)
(482, 165, 64, 64)
20--Family_Group\20_Family_Group_Family_Group_20_648.jpg
9
(95, 695, 53, 53)
(568, 304, 113, 113)
(304, 483, 131, 131)
(432, 478, 129, 129)
(689, 174, 176, 176)
(547, 674, 52, 52)
(83, 491, 148, 148)
(897, 595, 72, 72)
(580, 520, 73, 73)
20--Family_Group\20_Family_Group_Family_Group_20_663.jpg
17
(339, 372, 26, 26)
(846, 148, 29, 29)
(647, 191, 49, 49)
(233, 293, 54, 54)
(535, 321, 56, 56)
(308, 524, 201, 201)
(771, 257, 55, 55)
(921, 131, 63, 63)
(56, 408, 104, 104)
(755, 454, 28, 28)
(926, 234, 92, 92)
(463, 268, 97, 97)
(701, 34, 255, 255)
(143, 38, 26, 26)
(330, 242, 57, 57)
(521, 183, 60, 60)
(341, 526, 78, 78)
20--Family_Group\20_Family_Group_Family_Group_20_672.jpg
48
(352, 274, 51, 51)
(140, 271, 45, 45)
(557, 270, 48, 48)
(305, 251, 47, 47)
(930, 686, 46, 46)
(429, 152, 50, 50)
(656, 139, 44, 44)
(566, 484, 53, 53)
(101, 487, 53, 53)
(797, 283, 51, 51)
(298, 141, 49, 49)
(682, 272, 53, 53)
(267, 289, 53, 53)
(115, 34, 133, 133)
(22, 768, 303, 303)
(824, 845, 31, 31)
(606, 847, 30, 30)
(453, 830, 32, 32)
(96, 266, 56, 56)
(352, 847, 34, 34)
(848, 847, 35, 35)
(132, 873, 29, 29)
(208, 302, 53, 53)
(676, 868, 34, 34)
(804, 902, 33, 33)
(737, 891, 34, 34)
(840, 219, 26, 26)
(736, 1044, 32, 32)
(304, 865, 40, 40)
(445, 1025, 40, 40)
(673, 183, 38, 38)
(536, 211, 37, 37)
(811, 1019, 42, 42)
(279, 215, 39, 39)
(636, 239, 40, 40)
(357, 222, 40, 40)
(604, 213, 43, 43)
(507, 202, 40, 40)
(189, 221, 47, 47)
(107, 948, 32, 32)
(710, 186, 39, 39)
(397, 230, 40, 40)
(743, 227, 49, 49)
(749, 348, 46, 46)
(860, 309, 54, 54)
(89, 290, 103, 103)
(794, 950, 46, 46)
(846, 945, 72, 72)
20--Family_Group\20_Family_Group_Family_Group_20_696.jpg
18
(566, 1300, 38, 38)
(68, 1200, 51, 51)
(657, 450, 51, 51)
(198, 346, 52, 52)
(956, 249, 32, 32)
(99, 268, 47, 47)
(627, 313, 102, 102)
(474, 331, 98, 98)
(251, 293, 121, 121)
(251, 870, 54, 54)
(763, 320, 112, 112)
(455, 479, 121, 121)
(234, 1360, 60, 60)
(549, 567, 95, 95)
(102, 393, 106, 106)
(616, 390, 96, 96)
(372, 413, 108, 108)
(656, 425, 101, 101)
20--Family_Group\20_Family_Group_Family_Group_20_702.jpg
5
(339, 645, 71, 71)
(272, 235, 84, 84)
(648, 240, 92, 92)
(503, 389, 70, 70)
(625, 524, 78, 78)
20--Family_Group\20_Family_Group_Family_Group_20_72.jpg
11
(574, 270, 61, 61)
(458, 547, 39, 39)
(414, 549, 47, 47)
(189, 564, 51, 51)
(691, 209, 70, 70)
(466, 165, 61, 61)
(317, 195, 61, 61)
(491, 546, 64, 64)
(602, 571, 72, 72)
(408, 246, 83, 83)
(665, 544, 28, 28)
20--Family_Group\20_Family_Group_Family_Group_20_730.jpg
4
(118, 155, 230, 230)
(812, 346, 85, 85)
(121, 467, 165, 165)
(527, 256, 223, 223)
20--Family_Group\20_Family_Group_Family_Group_20_739.jpg
4
(377, 257, 152, 152)
(501, 216, 164, 164)
(94, 446, 108, 108)
(199, 502, 50, 50)
20--Family_Group\20_Family_Group_Family_Group_20_750.jpg
3
(313, 103, 217, 217)
(524, 231, 205, 205)
(716, 92, 89, 89)
20--Family_Group\20_Family_Group_Family_Group_20_759.jpg
20
(769, 306, 32, 32)
(757, 229, 59, 59)
(193, 700, 57, 57)
(495, 81, 54, 54)
(354, 68, 56, 56)
(592, 379, 56, 56)
(964, 379, 55, 55)
(215, 158, 54, 54)
(966, 470, 51, 51)
(100, 254, 59, 59)
(568, 294, 57, 57)
(304, 290, 62, 62)
(793, 100, 57, 57)
(946, 469, 57, 57)
(440, 306, 56, 56)
(396, 356, 158, 158)
(717, 370, 215, 215)
(26, 268, 30, 30)
(93, 105, 58, 58)
(650, 117, 57, 57)
20--Family_Group\20_Family_Group_Family_Group_20_760.jpg
7
(807, 195, 54, 54)
(172, 571, 30, 30)
(272, 291, 83, 83)
(368, 387, 60, 60)
(452, 181, 89, 89)
(731, 66, 48, 48)
(621, 137, 100, 100)
20--Family_Group\20_Family_Group_Family_Group_20_775.jpg
11
(852, 806, 31, 31)
(331, 967, 31, 31)
(693, 680, 63, 63)
(809, 92, 83, 83)
(270, 585, 250, 250)
(7, 517, 72, 72)
(33, 913, 106, 106)
(899, 257, 113, 113)
(382, 380, 261, 261)
(505, 204, 89, 89)
(862, 338, 128, 128)
20--Family_Group\20_Family_Group_Family_Group_20_799.jpg
14
(384, 726, 35, 35)
(770, 324, 32, 32)
(377, 156, 53, 53)
(822, 457, 52, 52)
(486, 1246, 51, 51)
(760, 1236, 54, 54)
(866, 158, 118, 118)
(489, 170, 149, 149)
(83, 635, 111, 111)
(246, 606, 171, 171)
(266, 72, 76, 76)
(626, 83, 186, 186)
(508, 513, 128, 128)
(14, 528, 127, 127)
20--Family_Group\20_Family_Group_Family_Group_20_835.jpg
4
(217, 340, 26, 26)
(181, 268, 38, 38)
(537, 404, 73, 73)
(793, 164, 25, 25)
20--Family_Group\20_Family_Group_Family_Group_20_843.jpg
9
(411, 534, 47, 47)
(495, 198, 208, 208)
(388, 968, 107, 107)
(357, 763, 228, 228)
(713, 669, 251, 251)
(112, 340, 253, 253)
(319, 244, 81, 81)
(155, 513, 205, 205)
(569, 1083, 193, 193)
20--Family_Group\20_Family_Group_Family_Group_20_849.jpg
1
(374, 486, 72, 72)
20--Family_Group\20_Family_Group_Family_Group_20_87.jpg
14
(324, 426, 84, 84)
(622, 1185, 45, 45)
(464, 393, 117, 117)
(725, 552, 101, 101)
(434, 457, 331, 331)
(245, 423, 362, 362)
(743, 1360, 100, 100)
(551, 1374, 29, 29)
(189, 514, 77, 77)
(623, 519, 93, 93)
(604, 1118, 99, 99)
(52, 1305, 41, 41)
(193, 929, 62, 62)
(84, 1300, 58, 58)
20--Family_Group\20_Family_Group_Family_Group_20_90.jpg
4
(6, 652, 28, 28)
(235, 616, 98, 98)
(901, 255, 62, 62)
(304, 609, 113, 113)
20--Family_Group\20_Family_Group_Family_Group_20_914.jpg
12
(258, 258, 29, 29)
(160, 120, 32, 32)
(598, 370, 30, 30)
(457, 203, 39, 39)
(386, 311, 44, 44)
(521, 288, 35, 35)
(101, 419, 40, 40)
(144, 171, 29, 29)
(589, 229, 36, 36)
(622, 226, 35, 35)
(816, 164, 35, 35)
(857, 175, 32, 32)
imagesTest\antenna-ohNCIiKVT1g-unsplash.jpg
26
(637, 1015, 29, 29)
(1901, 117, 95, 95)
(2032, 902, 105, 105)
(1065, 1552, 92, 92)
(1735, 1700, 133, 133)
(1521, 806, 123, 123)
(1859, 818, 92, 92)
(2594, 885, 193, 193)
(1869, 956, 155, 155)
(1194, 791, 75, 75)
(687, 970, 166, 166)
(2488, 525, 101, 101)
(1531, 571, 79, 79)
(313, 1062, 291, 291)
(2904, 581, 83, 83)
(1149, 587, 75, 75)
(2261, 574, 98, 98)
(1228, 1217, 38, 38)
(1913, 509, 104, 104)
(62, 1848, 96, 96)
(68, 835, 166, 166)
(2158, 964, 54, 54)
(2364, 562, 128, 128)
(1734, 649, 51, 51)
(748, 656, 69, 69)
(873, 659, 30, 30)
imagesTest\chuttersnap-gDDas5_ALRw-unsplash.jpg
499
(1344, 1055, 37, 37)
(5637, 2656, 31, 31)
(452, 355, 70, 70)
(3401, 3944, 60, 60)
(5004, 753, 42, 42)
(2182, 3957, 55, 55)
(361, 2767, 36, 36)
(1846, 1096, 39, 39)
(4420, 1812, 32, 32)
(2826, 1067, 57, 57)
(2552, 341, 88, 88)
(3451, 351, 68, 68)
(1796, 728, 84, 84)
(1632, 2804, 50, 50)
(1418, 1089, 89, 89)
(1335, 3859, 99, 99)
(1062, 3068, 55, 55)
(1588, 1021, 80, 80)
(699, 2563, 53, 53)
(3877, 347, 85, 85)
(4967, 2743, 56, 56)
(4830, 749, 67, 67)
(2456, 1069, 69, 69)
(1832, 349, 92, 92)
(1033, 1067, 80, 80)
(1755, 1076, 73, 73)
(2491, 1417, 85, 85)
(3602, 1713, 67, 67)
(1438, 688, 71, 71)
(344, 1113, 67, 67)
(1238, 1106, 89, 89)
(5715, 3066, 64, 64)
(3306, 372, 91, 91)
(4242, 372, 88, 88)
(372, 2570, 95, 95)
(2747, 703, 89, 89)
(5776, 329, 81, 81)
(452, 16, 83, 83)
(755, 16, 87, 87)
(2293, 2600, 60, 60)
(2918, 721, 90, 90)
(2052, 1836, 88, 88)
(668, 1852, 62, 62)
(33, 2204, 91, 91)
(2071, 753, 86, 86)
(1175, 2213, 79, 79)
(5562, 4, 91, 91)
(1586, 2218, 88, 88)
(5565, 1116, 95, 95)
(2, 397, 70, 70)
(469, 1762, 91, 91)
(1812, 3888, 57, 57)
(3193, 2045, 102, 102)
(2988, 997, 96, 96)
(2889, 386, 92, 92)
(5603, 1766, 89, 89)
(4260, 1011, 80, 80)
(1116, 3254, 86, 86)
(3851, 3252, 94, 94)
(5006, 1489, 89, 89)
(2204, 2122, 92, 92)
(4529, 2356, 72, 72)
(1624, 2365, 72, 72)
(2766, 1049, 84, 84)
(5527, 751, 96, 96)
(144, 3017, 98, 98)
(2112, 1399, 92, 92)
(285, 3020, 86, 86)
(3669, 768, 92, 92)
(4192, 767, 92, 92)
(5849, 770, 89, 89)
(4098, 767, 103, 103)
(4680, 674, 87, 87)
(394, 1678, 90, 90)
(2705, 2900, 97, 97)
(3108, 1683, 87, 87)
(1500, 1127, 85, 85)
(3579, 1122, 96, 96)
(4471, 3249, 107, 107)
(1627, 2644, 102, 102)
(5750, 684, 90, 90)
(5498, 1146, 58, 58)
(4483, 687, 101, 101)
(558, 392, 100, 100)
(858, 2916, 102, 102)
(5142, 1135, 107, 107)
(800, 405, 80, 80)
(5040, 3373, 119, 119)
(2904, 1520, 85, 85)
(1419, 2353, 112, 112)
(4000, 412, 93, 93)
(1019, 2366, 90, 90)
(2634, 2362, 104, 104)
(4030, 1533, 87, 87)
(996, 2111, 73, 73)
(3487, 2098, 106, 106)
(4986, 1331, 108, 108)
(3778, 3508, 117, 117)
(5504, 1345, 96, 96)
(4755, 3527, 99, 99)
(1459, 736, 111, 111)
(4955, 2110, 89, 89)
(5309, 2109, 96, 96)
(2952, 2190, 78, 78)
(4514, 1886, 89, 89)
(1098, 773, 88, 88)
(2333, 1893, 98, 98)
(694, 3169, 115, 115)
(2643, 3177, 106, 106)
(185, 1907, 93, 93)
(389, 800, 84, 84)
(339, 3189, 101, 101)
(3, 2646, 108, 108)
(2866, 3193, 95, 95)
(5585, 1463, 92, 92)
(1453, 2648, 106, 106)
(2272, 2818, 98, 98)
(490, 2280, 104, 104)
(2231, 1145, 78, 78)
(2292, 2019, 96, 96)
(2890, 1141, 100, 100)
(4547, 1698, 71, 71)
(1257, 812, 99, 99)
(5482, 1473, 87, 87)
(501, 2656, 114, 114)
(112, 1699, 98, 98)
(4825, 3314, 105, 105)
(3281, 1474, 93, 93)
(1206, 3308, 130, 130)
(4644, 1758, 115, 115)
(1250, 1199, 100, 100)
(5693, 2383, 110, 110)
(2362, 1195, 101, 101)
(4850, 1766, 102, 102)
(3203, 2397, 100, 100)
(223, 3154, 102, 102)
(2948, 1590, 89, 89)
(4878, 347, 124, 124)
(5258, 1589, 101, 101)
(5343, 1590, 92, 92)
(775, 1042, 78, 78)
(5011, 3159, 107, 107)
(5010, 1032, 102, 102)
(4893, 3727, 95, 95)
(5730, 1599, 91, 91)
(3275, 3165, 115, 115)
(4435, 2491, 116, 116)
(3738, 3094, 119, 119)
(48, 3109, 101, 101)
(3578, 1070, 115, 115)
(3351, 1892, 114, 114)
(4636, 3109, 107, 107)
(4658, 3088, 147, 147)
(4570, 767, 119, 119)
(1972, 1909, 94, 94)
(4140, 2592, 108, 108)
(2173, 3098, 123, 123)
(5030, 2588, 116, 116)
(2730, 1382, 85, 85)
(1850, 1913, 104, 104)
(3036, 2281, 106, 106)
(5115, 1383, 88, 88)
(5781, 3625, 136, 136)
(3266, 2612, 109, 109)
(3930, 3756, 129, 129)
(5341, 1964, 108, 108)
(4253, 1427, 96, 96)
(5306, 2687, 117, 117)
(1837, 1426, 98, 98)
(3737, 2700, 108, 108)
(3688, 1427, 105, 105)
(760, 3353, 115, 115)
(5510, 816, 124, 124)
(5282, 2962, 110, 110)
(4385, 1430, 105, 105)
(206, 2375, 119, 119)
(880, 1168, 81, 81)
(5430, 3372, 111, 111)
(2115, 2968, 108, 108)
(5786, 1706, 119, 119)
(4890, 1173, 97, 97)
(5084, 1719, 103, 103)
(3672, 2959, 154, 154)
(1486, 2057, 104, 104)
(1726, 3071, 115, 115)
(4116, 1217, 98, 98)
(135, 1484, 129, 129)
(3819, 1217, 88, 88)
(97, 2340, 114, 114)
(466, 2129, 106, 106)
(4509, 3098, 102, 102)
(1539, 1788, 100, 100)
(1395, 1534, 126, 126)
(2323, 2345, 101, 101)
(4730, 3201, 109, 109)
(875, 3213, 109, 109)
(1429, 1841, 127, 127)
(2143, 1844, 104, 104)
(842, 1559, 94, 94)
(2963, 3216, 96, 96)
(4597, 1861, 98, 98)
(1490, 1595, 119, 119)
(1429, 2531, 102, 102)
(815, 2236, 103, 103)
(1031, 2224, 125, 125)
(641, 2242, 106, 106)
(3268, 1630, 91, 91)
(4303, 1624, 105, 105)
(2919, 1049, 127, 127)
(484, 1937, 98, 98)
(3953, 827, 135, 135)
(3500, 2006, 115, 115)
(3018, 2825, 149, 149)
(164, 2998, 139, 139)
(1184, 2017, 110, 110)
(4925, 2944, 173, 173)
(2401, 3127, 133, 133)
(2823, 2087, 106, 106)
(3997, 3258, 124, 124)
(3542, 2252, 120, 120)
(1779, 2359, 125, 125)
(5955, 3782, 47, 47)
(3293, 3917, 57, 57)
(206, 406, 28, 28)
(3317, 41, 53, 53)
(4813, 3648, 116, 116)
(4735, 2309, 30, 30)
(2224, 770, 52, 52)
(5735, 2899, 47, 47)
(3256, 1148, 60, 60)
(3369, 528, 78, 78)
(1200, 200, 85, 85)
(5235, 2845, 49, 49)
(588, 159, 86, 86)
(511, 167, 83, 83)
(566, 1848, 50, 50)
(1982, 528, 81, 81)
(3086, 191, 90, 90)
(3526, 199, 78, 78)
(1845, 540, 74, 74)
(3609, 1738, 62, 62)
(1167, 561, 85, 85)
(1409, 214, 85, 85)
(5734, 1747, 58, 58)
(851, 211, 117, 117)
(712, 708, 93, 93)
(5785, 420, 83, 83)
(4069, 570, 86, 86)
(3232, 502, 82, 82)
(2051, 2874, 76, 76)
(360, 237, 92, 92)
(1762, 3290, 100, 100)
(360, 3416, 102, 102)
(3730, 1163, 91, 91)
(2154, 3538, 122, 122)
(3241, 3566, 90, 90)
(3481, 421, 86, 86)
(5660, 1848, 94, 94)
(1222, 2607, 76, 76)
(1596, 432, 90, 90)
(5579, 432, 90, 90)
(798, 560, 94, 94)
(4423, 448, 72, 72)
(3154, 3776, 52, 52)
(3082, 3076, 99, 99)
(4455, 3086, 101, 101)
(2622, 1928, 87, 87)
(689, 851, 94, 94)
(5685, 853, 97, 97)
(2035, 576, 80, 80)
(5898, 577, 81, 81)
(1261, 3320, 116, 116)
(5385, 2942, 104, 104)
(3454, 585, 86, 86)
(78, 1187, 74, 74)
(3139, 1492, 93, 93)
(4610, 588, 81, 81)
(4503, 3476, 113, 113)
(5259, 3468, 144, 144)
(1221, 462, 88, 88)
(661, 2038, 93, 93)
(914, 1602, 102, 102)
(5896, 1627, 87, 87)
(467, 54, 256, 256)
(5362, 1938, 91, 91)
(3124, 1938, 92, 92)
(2402, 1398, 107, 107)
(2437, 3111, 164, 164)
(1177, 931, 137, 137)
(4049, 2017, 99, 99)
(1105, 2835, 102, 102)
(833, 1726, 113, 113)
(2521, 1139, 116, 116)
(781, 1737, 96, 96)
(1443, 2936, 109, 109)
(1646, 2936, 113, 113)
(3590, 1517, 106, 106)
(1973, 2293, 110, 110)
(3158, 3822, 125, 125)
(591, 1257, 103, 103)
(5835, 1961, 96, 96)
(4878, 2568, 108, 108)
(4657, 1645, 93, 93)
(5722, 2576, 96, 96)
(3091, 1631, 120, 120)
(521, 1653, 100, 100)
(1779, 1648, 100, 100)
(2891, 573, 93, 93)
(2443, 584, 99, 99)
(5229, 1111, 129, 129)
(2232, 1119, 136, 136)
(4346, 1422, 122, 122)
(905, 592, 107, 107)
(1261, 3779, 184, 184)
(5068, 2792, 94, 94)
(4878, 608, 85, 85)
(2595, 2794, 103, 103)
(365, 621, 81, 81)
(4846, 2887, 97, 97)
(1781, 1254, 150, 150)
(1971, 1273, 100, 100)
(2639, 529, 97, 97)
(4647, 2421, 96, 96)
(529, 2528, 102, 102)
(171, 2382, 109, 109)
(4126, 2714, 114, 114)
(606, 2718, 121, 121)
(3757, 2077, 101, 101)
(2058, 2082, 104, 104)
(5212, 1160, 296, 296)
(3852, 2158, 103, 103)
(3230, 2161, 107, 107)
(5201, 619, 157, 157)
(2711, 2364, 113, 113)
(4288, 2550, 121, 121)
(4569, 3558, 160, 160)
(4256, 2366, 139, 139)
(2847, 2938, 207, 207)
(3713, 2939, 196, 196)
(1152, 1566, 29, 29)
(2268, 2052, 249, 249)
(5291, 429, 54, 54)
(3110, 435, 51, 51)
(4618, 52, 75, 75)
(11, 2153, 28, 28)
(1130, 56, 85, 85)
(4991, 58, 92, 92)
(4011, 238, 84, 84)
(2755, 804, 67, 67)
(2828, 64, 101, 101)
(2334, 428, 79, 79)
(829, 434, 80, 80)
(1334, 72, 97, 97)
(2230, 77, 88, 88)
(3470, 77, 92, 92)
(4099, 854, 74, 74)
(536, 847, 100, 100)
(3754, 468, 86, 86)
(4982, 463, 88, 88)
(1483, 471, 87, 87)
(3131, 3446, 88, 88)
(721, 3446, 81, 81)
(4388, 1958, 73, 73)
(3507, 3355, 99, 99)
(3162, 2786, 63, 63)
(2376, 1572, 91, 91)
(1637, 1240, 97, 97)
(891, 1252, 95, 95)
(221, 1637, 92, 92)
(336, 3662, 164, 164)
(1516, 3659, 177, 177)
(5653, 2647, 61, 61)
(5792, 1415, 100, 100)
(4874, 1262, 96, 96)
(1059, 1282, 92, 92)
(1290, 2054, 131, 131)
(5468, 1591, 115, 115)
(3299, 2981, 88, 88)
(5504, 2254, 86, 86)
(2006, 75, 60, 60)
(3829, 2716, 94, 94)
(5626, 635, 134, 134)
(2871, 2823, 87, 87)
(4431, 2094, 101, 101)
(3992, 2168, 114, 114)
(4269, 2806, 147, 147)
(526, 2926, 125, 125)
(3192, 91, 76, 76)
(5234, 2658, 190, 190)
(1633, 261, 80, 80)
(1431, 458, 68, 68)
(100, 265, 99, 99)
(4513, 272, 84, 84)
(1501, 266, 83, 83)
(1876, 817, 86, 86)
(1947, 2183, 32, 32)
(3004, 486, 72, 72)
(113, 892, 98, 98)
(5047, 901, 107, 107)
(1039, 604, 55, 55)
(410, 1205, 85, 85)
(1029, 1213, 82, 82)
(4962, 504, 146, 146)
(335, 618, 63, 63)
(4918, 2691, 40, 40)
(1329, 3645, 57, 57)
(5334, 3286, 136, 136)
(4879, 1665, 98, 98)
(563, 1488, 104, 104)
(3271, 1303, 91, 91)
(5381, 485, 28, 28)
(1254, 1702, 99, 99)
(1443, 1295, 187, 187)
(2448, 3523, 85, 85)
(771, 1750, 243, 243)
(5486, 2915, 68, 68)
(695, 619, 66, 66)
(3894, 3565, 121, 121)
(3167, 859, 61, 61)
(64, 2651, 72, 72)
(3728, 277, 62, 62)
(1514, 2417, 73, 73)
(1558, 2415, 93, 93)
(2402, 276, 76, 76)
(215, 113, 90, 90)
(1758, 125, 66, 66)
(1753, 649, 89, 89)
(3158, 653, 87, 87)
(1231, 658, 93, 93)
(856, 2561, 106, 106)
(2381, 1214, 57, 57)
(28, 2152, 122, 122)
(1993, 867, 83, 83)
(1332, 3621, 59, 59)
(4652, 2399, 158, 158)
(2525, 888, 96, 96)
(277, 899, 83, 83)
(5370, 903, 99, 99)
(4713, 1217, 60, 60)
(2743, 923, 95, 95)
(543, 3413, 66, 66)
(5919, 1778, 87, 87)
(2779, 1990, 88, 88)
(4614, 1280, 99, 99)
(4851, 1451, 103, 103)
(1459, 1955, 176, 176)
(729, 625, 57, 57)
(1227, 918, 48, 48)
(186, 297, 77, 77)
(5890, 128, 81, 81)
(2914, 120, 94, 94)
(1198, 316, 86, 86)
(1166, 3502, 71, 71)
(2071, 3081, 142, 142)
(5037, 687, 84, 84)
(326, 2676, 110, 110)
(850, 925, 121, 121)
(3367, 1240, 58, 58)
(1703, 305, 55, 55)
(2212, 1024, 148, 148)
(2144, 2007, 83, 83)
(5359, 3090, 330, 330)
(1305, 1945, 100, 100)
(4236, 1282, 79, 79)
(5779, 1317, 105, 105)
(1835, 1331, 85, 85)
(4212, 161, 66, 66)
(5374, 163, 66, 66)
(724, 3166, 146, 146)
(3368, 1505, 209, 209)
(68, 902, 58, 58)
(2568, 323, 126, 126)
(1570, 1308, 46, 46)
(2130, 902, 76, 76)
(4412, 898, 85, 85)
(3812, 1623, 56, 56)
(738, 337, 51, 51)
(2511, 957, 94, 94)
(5846, 959, 94, 94)
(1866, 965, 98, 98)
(2332, 3602, 62, 62)
(778, 1932, 147, 147)
(2666, 3550, 83, 83)
(4007, 2391, 27, 27)
(4190, 2052, 26, 26)
(3694, 1643, 66, 66)
(2265, 941, 81, 81)
(2019, 2019, 64, 64)
(3855, 1635, 57, 57)
(297, 1645, 61, 61)
(4447, 995, 35, 35)
(1602, 967, 58, 58)
(3938, 1001, 70, 70)
(1937, 997, 90, 90)
(3734, 958, 65, 65)
(1769, 1002, 94, 94)
(1150, 2506, 83, 83)
(281, 1025, 93, 93)
(623, 1717, 33, 33)
imagesTest\danie-franco-WyyMwi7ZtDY-unsplash.jpg
42
(4642, 1696, 190, 190)
(2821, 1800, 184, 184)
(2759, 1675, 307, 307)
(1178, 1669, 199, 199)
(3896, 1728, 291, 291)
(4719, 2349, 53, 53)
(1538, 2097, 49, 49)
(3154, 2000, 56, 56)
(3538, 1856, 187, 187)
(3947, 1851, 182, 182)
(2973, 2085, 57, 57)
(5292, 2425, 79, 79)
(4122, 1641, 127, 127)
(2360, 1823, 175, 175)
(4937, 1810, 175, 175)
(406, 2395, 94, 94)
(510, 2374, 157, 157)
(4160, 2424, 229, 229)
(4336, 2443, 236, 236)
(3152, 2509, 244, 244)
(1718, 2517, 276, 276)
(4268, 1786, 164, 164)
(918, 2638, 59, 59)
(1429, 3138, 81, 81)
(4556, 1777, 51, 51)
(1466, 2870, 69, 69)
(1522, 3233, 64, 64)
(1468, 2900, 62, 62)
(3098, 1840, 166, 166)
(3802, 1999, 78, 78)
(2359, 3165, 130, 130)
(3946, 2461, 217, 217)
(2769, 2454, 221, 221)
(3590, 3038, 45, 45)
(136, 1903, 32, 32)
(1904, 2415, 47, 47)
(3440, 2380, 66, 66)
(890, 2387, 260, 260)
(1543, 2691, 253, 253)
(928, 2291, 234, 234)
(873, 2591, 29, 29)
(3759, 2354, 114, 114)
imagesTest\eliott-reyna-jCEpN62oWL4-unsplash.jpg
54
(3952, 1560, 42, 42)
(4515, 1310, 28, 28)
(2424, 875, 52, 52)
(1306, 1585, 90, 90)
(1439, 1224, 81, 81)
(3996, 865, 68, 68)
(2135, 1120, 164, 164)
(3465, 983, 64, 64)
(2412, 1845, 60, 60)
(4561, 2294, 71, 71)
(5700, 1034, 101, 101)
(3296, 1052, 79, 79)
(3391, 1105, 114, 114)
(4495, 802, 286, 286)
(5763, 1650, 64, 64)
(2542, 1497, 113, 113)
(1366, 1686, 113, 113)
(4061, 1333, 167, 167)
(2699, 1766, 78, 78)
(3856, 798, 61, 61)
(4339, 757, 67, 67)
(1049, 2038, 140, 140)
(2168, 733, 59, 59)
(1982, 360, 110, 110)
(3187, 2372, 102, 102)
(1475, 1068, 93, 93)
(2134, 1636, 58, 58)
(4117, 788, 103, 103)
(4263, 1967, 47, 47)
(4123, 1159, 85, 85)
(1197, 1770, 104, 104)
(1834, 358, 60, 60)
(1621, 1110, 311, 311)
(2423, 1336, 45, 45)
(4893, 761, 105, 105)
(3070, 1325, 52, 52)
(4259, 1997, 49, 49)
(2434, 1376, 31, 31)
(3519, 166, 358, 358)
(2667, 1808, 120, 120)
(2932, 1841, 580, 580)
(4074, 1656, 27, 27)
(1095, 596, 314, 314)
(2066, 1381, 71, 71)
(5561, 409, 60, 60)
(3173, 542, 28, 28)
(2664, 1710, 62, 62)
(4572, 532, 60, 60)
(3540, 1654, 139, 139)
(235, 252, 97, 97)
(2190, 727, 317, 317)
(1899, 544, 57, 57)
(2398, 1650, 76, 76)
(1300, 1694, 61, 61)
imagesTest\hassan-khan-EGVccebWodM-unsplash.jpg
1
(408, 1266, 2620, 2620)
imagesTest\jade-masri-74tlEYKgrBE-unsplash.jpg
15
(1557, 1524, 220, 220)
(1545, 1418, 263, 263)
(563, 1702, 214, 214)
(2761, 2144, 328, 328)
(2040, 1901, 63, 63)
(1948, 2206, 49, 49)
(2177, 2368, 285, 285)
(3990, 2683, 34, 34)
(1316, 2411, 274, 274)
(1680, 2646, 63, 63)
(3703, 2395, 146, 146)
(2662, 2492, 133, 133)
(3899, 2363, 206, 206)
(586, 2441, 182, 182)
(2058, 1888, 92, 92)
imagesTest\joel-muniz-HvZDCuRnSaY-unsplash.jpg
39
(2772, 1614, 28, 28)
(1589, 2312, 36, 36)
(2419, 1194, 52, 52)
(1274, 1172, 52, 52)
(2372, 1990, 44, 44)
(1698, 22, 112, 112)
(1358, 2070, 51, 51)
(1391, 4110, 80, 80)
(1744, 2404, 72, 72)
(2278, 1916, 61, 61)
(1846, 2293, 100, 100)
(1554, 356, 272, 272)
(2407, 1941, 68, 68)
(2027, 2028, 73, 73)
(1722, 1100, 449, 449)
(793, 1271, 479, 479)
(1163, 907, 297, 297)
(956, 75, 112, 112)
(1337, 1706, 39, 39)
(833, 976, 38, 38)
(1236, 1982, 121, 121)
(1520, 1359, 53, 53)
(1606, 2088, 187, 187)
(2449, 1292, 93, 93)
(1336, 1373, 89, 89)
(1788, 251, 80, 80)
(1297, 948, 103, 103)
(823, 1067, 288, 288)
(1858, 1724, 57, 57)
(1091, 524, 110, 110)
(1481, 1404, 52, 52)
(2452, 1800, 189, 189)
(1366, 545, 90, 90)
(1401, 3709, 38, 38)
(1923, 3617, 36, 36)
(2738, 1762, 53, 53)
(1464, 1864, 53, 53)
(2274, 3688, 71, 71)
(1655, 2240, 87, 87)
imagesTest\krists-luhaers-AtPWnYNDJnM-unsplash.jpg
131
(1098, 739, 54, 54)
(602, 687, 59, 59)
(3119, 1655, 32, 32)
(3025, 2284, 54, 54)
(3047, 1056, 59, 59)
(3570, 1089, 55, 55)
(3471, 1646, 47, 47)
(2419, 1053, 56, 56)
(2677, 1000, 51, 51)
(3024, 1004, 54, 54)
(1806, 1012, 69, 69)
(1500, 765, 51, 51)
(1794, 768, 54, 54)
(2059, 959, 59, 59)
(1366, 1022, 68, 68)
(1530, 1027, 76, 76)
(2244, 1038, 58, 58)
(1465, 963, 66, 66)
(3301, 917, 50, 50)
(2420, 975, 56, 56)
(3288, 850, 46, 46)
(5370, 971, 70, 70)
(3477, 1621, 56, 56)
(3010, 916, 53, 53)
(1342, 1634, 62, 62)
(1079, 1007, 78, 78)
(3409, 940, 50, 50)
(2972, 832, 49, 49)
(2136, 850, 55, 55)
(2887, 1050, 63, 63)
(2501, 885, 52, 52)
(1967, 901, 53, 53)
(2259, 845, 55, 55)
(1126, 2410, 216, 216)
(2901, 853, 60, 60)
(2324, 798, 51, 51)
(2432, 803, 54, 54)
(712, 799, 66, 66)
(4139, 1261, 62, 62)
(1609, 811, 58, 58)
(1952, 832, 52, 52)
(2566, 835, 56, 56)
(873, 1053, 81, 81)
(3405, 1064, 63, 63)
(2477, 1363, 81, 81)
(3615, 1363, 73, 73)
(1716, 878, 51, 51)
(5126, 1369, 75, 75)
(4424, 1375, 67, 67)
(2478, 2213, 181, 181)
(2000, 763, 48, 48)
(3545, 1253, 74, 74)
(1995, 816, 62, 62)
(2518, 1874, 165, 165)
(882, 819, 71, 71)
(4281, 2014, 181, 181)
(3710, 1606, 97, 97)
(3881, 1076, 63, 63)
(1585, 1661, 124, 124)
(1683, 766, 51, 51)
(1270, 1083, 81, 81)
(1545, 859, 63, 63)
(4257, 1327, 76, 76)
(2683, 1362, 80, 80)
(757, 895, 69, 69)
(2389, 1700, 100, 100)
(3544, 819, 59, 59)
(601, 1692, 123, 123)
(4294, 1242, 67, 67)
(1463, 1091, 79, 79)
(989, 1519, 111, 111)
(505, 871, 84, 84)
(1514, 1328, 93, 93)
(2165, 1338, 87, 87)
(4837, 1354, 71, 71)
(4586, 2178, 59, 59)
(2286, 1105, 91, 91)
(787, 1981, 190, 190)
(1203, 902, 84, 84)
(3165, 1307, 89, 89)
(5315, 1020, 150, 150)
(2634, 1474, 102, 102)
(1177, 1266, 120, 120)
(833, 2056, 59, 59)
(2112, 800, 41, 41)
(1713, 2309, 292, 292)
(1301, 770, 58, 58)
(3353, 1739, 38, 38)
(1960, 1128, 64, 64)
(2012, 1019, 70, 70)
(3667, 1030, 49, 49)
(3324, 2310, 182, 182)
(2650, 924, 58, 58)
(3863, 1176, 59, 59)
(2419, 1156, 69, 69)
(3112, 1163, 69, 69)
(1769, 1104, 75, 75)
(2830, 1151, 64, 64)
(3494, 1181, 68, 68)
(4308, 1125, 57, 57)
(2774, 927, 59, 59)
(3221, 1165, 68, 68)
(1624, 1208, 80, 80)
(3128, 2584, 71, 71)
(2647, 1113, 74, 74)
(1947, 1210, 80, 80)
(4707, 1343, 70, 70)
(3969, 1142, 98, 98)
(3634, 1140, 75, 75)
(190, 888, 122, 122)
(2148, 1194, 80, 80)
(1012, 1179, 98, 98)
(2038, 1727, 26, 26)
(1982, 1979, 166, 166)
(2043, 2874, 81, 81)
(4672, 2351, 56, 56)
(4257, 1749, 60, 60)
(1681, 932, 68, 68)
(1738, 1193, 46, 46)
(2914, 2167, 171, 171)
(4350, 2033, 140, 140)
(3926, 1228, 67, 67)
(3277, 1374, 62, 62)
(1381, 1209, 86, 86)
(2862, 1219, 86, 86)
(4948, 1501, 103, 103)
(2809, 1434, 67, 67)
(3835, 1468, 78, 78)
(1816, 1462, 116, 116)
(4270, 1523, 54, 54)
(3017, 1504, 76, 76)
imagesTest\m-accelerator-zJYMJIrQYTE-unsplash.jpg
12
(3545, 493, 56, 56)
(2195, 1658, 228, 228)
(697, 441, 100, 100)
(1478, 793, 123, 123)
(2606, 1343, 149, 149)
(2395, 647, 340, 340)
(240, 1177, 412, 412)
(1334, 1299, 82, 82)
(3143, 1197, 167, 167)
(2791, 1060, 197, 197)
(1415, 1116, 96, 96)
(2238, 1078, 62, 62)
imagesTest\michael-dam-mEZ3PoFGs_k-unsplash.jpg
2
(1042, 1056, 1543, 1543)
(3072, 2380, 76, 76)
imagesTest\naassom-azevedo-Q_Sei-TqSlc-unsplash.jpg
34
(1678, 2894, 27, 27)
(403, 1720, 750, 750)
(394, 632, 113, 113)
(2288, 2006, 140, 140)
(461, 2194, 171, 171)
(2247, 2391, 270, 270)
(439, 2418, 271, 271)
(982, 2484, 275, 275)
(1002, 2599, 232, 232)
(448, 2627, 272, 272)
(2857, 2465, 279, 279)
(1702, 2544, 263, 263)
(2370, 4278, 133, 133)
(2358, 4239, 130, 130)
(357, 1187, 52, 52)
(1481, 3043, 120, 120)
(2651, 3103, 202, 202)
(526, 2900, 183, 183)
(329, 616, 76, 76)
(354, 1209, 51, 51)
(2489, 1926, 162, 162)
(79, 2051, 170, 170)
(2540, 2930, 45, 45)
(471, 1831, 57, 57)
(108, 1571, 156, 156)
(1368, 3168, 147, 147)
(3131, 3944, 51, 51)
(1716, 3699, 90, 90)
(222, 3636, 108, 108)
(540, 2641, 243, 243)
(642, 2482, 204, 204)
(966, 2412, 50, 50)
(1672, 3150, 281, 281)
(1576, 3103, 63, 63)
imagesTest\nicholas-green-nPz8akkUmDI-unsplash.jpg
42
(2452, 3332, 176, 176)
(1533, 2696, 106, 106)
(1656, 2971, 69, 69)
(5685, 322, 166, 166)
(2937, 740, 87, 87)
(528, 474, 244, 244)
(3278, 1823, 599, 599)
(3769, 734, 125, 125)
(1107, 1650, 643, 643)
(1084, 1359, 204, 204)
(5230, 814, 204, 204)
(2542, 870, 191, 191)
(4998, 892, 169, 169)
(1384, 1116, 280, 280)
(958, 1321, 298, 298)
(5708, 764, 214, 214)
(4859, 1180, 281, 281)
(2419, 1215, 306, 306)
(3987, 1301, 448, 448)
(4544, 953, 249, 249)
(3101, 942, 244, 244)
(2318, 941, 255, 255)
(5314, 190, 252, 252)
(3260, 1136, 364, 364)
(5516, 838, 256, 256)
(2998, 2366, 36, 36)
(4607, 1932, 1271, 1271)
(440, 1883, 51, 51)
(1700, 592, 68, 68)
(3030, 1756, 142, 142)
(33, 516, 102, 102)
(1266, 1054, 160, 160)
(5147, 608, 151, 151)
(5389, 1356, 460, 460)
(4434, 804, 51, 51)
(1900, 1794, 392, 392)
(3071, 667, 155, 155)
(2848, 1347, 152, 152)
(3022, 656, 81, 81)
(394, 666, 70, 70)
(364, 951, 68, 68)
(4322, 968, 53, 53)
imagesTest\product-school--GajrOEN6m4-unsplash.jpg
33
(4842, 1370, 60, 60)
(4617, 2962, 58, 58)
(1404, 1549, 418, 418)
(219, 1858, 430, 430)
(687, 800, 140, 140)
(4054, 768, 138, 138)
(2466, 3064, 81, 81)
(5599, 1928, 69, 69)
(807, 2664, 122, 122)
(2694, 2654, 96, 96)
(5447, 1415, 328, 328)
(1945, 1571, 471, 471)
(67, 1528, 762, 762)
(1245, 1754, 169, 169)
(2400, 191, 46, 46)
(3090, 207, 132, 132)
(4201, 1547, 56, 56)
(3576, 260, 193, 193)
(4043, 3013, 138, 138)
(4860, 248, 48, 48)
(825, 2374, 135, 135)
(5059, 3130, 113, 113)
(780, 2296, 178, 178)
(5803, 3362, 50, 50)
(4742, 3640, 69, 69)
(94, 3663, 143, 143)
(5162, 3240, 31, 31)
(5078, 3295, 50, 50)
(5491, 3682, 52, 52)
(5286, 3727, 167, 167)
(4917, 3259, 58, 58)
(4828, 3070, 178, 178)
(5188, 3307, 29, 29)
imagesTest\product-school-V8KOZEUTx9E-unsplash.jpg
48
(610, 2671, 32, 32)
(2973, 3625, 93, 93)
(1657, 712, 59, 59)
(3, 1875, 39, 39)
(4925, 2587, 57, 57)
(4970, 2589, 73, 73)
(2910, 3790, 73, 73)
(4981, 1423, 404, 404)
(720, 1676, 324, 324)
(3987, 1690, 450, 450)
(5018, 2592, 76, 76)
(4952, 2699, 70, 70)
(5569, 2452, 77, 77)
(4640, 2178, 83, 83)
(2916, 3827, 53, 53)
(4851, 2373, 75, 75)
(2864, 1575, 191, 191)
(3447, 745, 96, 96)
(3435, 1701, 167, 167)
(2129, 2356, 129, 129)
(838, 1897, 80, 80)
(5489, 1686, 86, 86)
(1761, 2587, 276, 276)
(2986, 1461, 364, 364)
(1489, 1515, 283, 283)
(4007, 725, 31, 31)
(3259, 3874, 73, 73)
(1494, 1334, 143, 143)
(3052, 596, 85, 85)
(4917, 2382, 87, 87)
(3710, 807, 61, 61)
(4902, 2254, 67, 67)
(3066, 2440, 138, 138)
(1613, 961, 116, 116)
(1098, 1598, 279, 279)
(5769, 3863, 89, 89)
(5007, 2536, 75, 75)
(5883, 2742, 65, 65)
(3496, 966, 60, 60)
(5075, 2226, 76, 76)
(4926, 2634, 84, 84)
(2059, 2450, 172, 172)
(4252, 853, 51, 51)
(5793, 2908, 72, 72)
(4927, 2614, 140, 140)
(4528, 1888, 83, 83)
(955, 1671, 54, 54)
(2994, 2658, 84, 84)
imagesTest\quaritsch-photography-62AUD-Uwv98-unsplash.jpg
52
(2136, 1590, 28, 28)
(2434, 1661, 28, 28)
(1351, 1624, 36, 36)
(3687, 1630, 49, 49)
(273, 950, 47, 47)
(4514, 1377, 50, 50)
(1268, 752, 53, 53)
(1122, 1225, 50, 50)
(2467, 1345, 60, 60)
(2996, 2363, 54, 54)
(1635, 1365, 59, 59)
(614, 607, 26, 26)
(513, 1606, 85, 85)
(3249, 1230, 85, 85)
(3208, 1598, 151, 151)
(3523, 717, 127, 127)
(2816, 1627, 86, 86)
(675, 1658, 101, 101)
(75, 675, 64, 64)
(1161, 595, 75, 75)
(3526, 1623, 35, 35)
(1554, 1639, 52, 52)
(1893, 1639, 51, 51)
(4042, 1056, 48, 48)
(1695, 1857, 35, 35)
(4136, 1641, 53, 53)
(4469, 1768, 68, 68)
(1121, 974, 54, 54)
(1906, 1322, 70, 70)
(996, 575, 77, 77)
(2336, 1948, 87, 87)
(509, 1493, 92, 92)
(2465, 2026, 120, 120)
(2368, 2139, 57, 57)
(3385, 1630, 28, 28)
(2206, 1983, 30, 30)
(2476, 2062, 122, 122)
(2370, 1856, 48, 48)
(2162, 2117, 162, 162)
(2371, 2078, 44, 44)
(1907, 1633, 64, 64)
(2194, 2068, 92, 92)
(569, 896, 57, 57)
(4392, 848, 62, 62)
(1834, 1471, 56, 56)
(698, 1513, 69, 69)
(3651, 1424, 84, 84)
(2339, 2185, 100, 100)
(1459, 1080, 27, 27)
(2592, 2059, 38, 38)
(2735, 1298, 97, 97)
(3959, 1740, 39, 39)
imagesTest\redd-f-oqVT4J_ps0Y-unsplash.jpg
40
(389, 1601, 28, 28)
(2543, 414, 251, 251)
(3262, 1632, 71, 71)
(1448, 1195, 50, 50)
(2081, 1193, 64, 64)
(145, 1098, 92, 92)
(1238, 1104, 89, 89)
(1541, 1146, 88, 88)
(1679, 1167, 67, 67)
(2508, 1167, 76, 76)
(3399, 1149, 108, 108)
(1816, 1165, 87, 87)
(849, 1197, 78, 78)
(390, 1127, 67, 67)
(1908, 1134, 75, 75)
(3523, 1174, 66, 66)
(3589, 337, 80, 80)
(3119, 1229, 76, 76)
(3154, 503, 99, 99)
(3093, 903, 96, 96)
(1389, 1237, 76, 76)
(1517, 1693, 29, 29)
(609, 1117, 76, 76)
(4, 69, 43, 43)
(1806, 1125, 104, 104)
(462, 1637, 64, 64)
(652, 288, 66, 66)
(2144, 1207, 150, 150)
(3293, 915, 77, 77)
(758, 1729, 110, 110)
(3185, 1414, 51, 51)
(919, 1194, 36, 36)
(3441, 1334, 61, 61)
(3501, 1891, 54, 54)
(2219, 1123, 67, 67)
(3236, 1622, 92, 92)
(2335, 1686, 30, 30)
(1701, 1269, 49, 49)
(3264, 1395, 188, 188)
(1718, 1338, 29, 29)
imagesTest\susan-g-komen-3-day-wdVwF3Ese4o-unsplash.jpg
40
(2570, 1085, 38, 38)
(3683, 2595, 65, 65)
(4472, 1852, 58, 58)
(1286, 3059, 121, 121)
(2686, 2283, 67, 67)
(3516, 3809, 29, 29)
(4018, 3011, 27, 27)
(2592, 2418, 172, 172)
(4085, 1969, 117, 117)
(3617, 3098, 137, 137)
(3910, 1744, 128, 128)
(4394, 1406, 91, 91)
(1358, 2241, 245, 245)
(5109, 693, 64, 64)
(3466, 693, 811, 811)
(1272, 690, 907, 907)
(2483, 641, 1017, 1017)
(2301, 3135, 564, 564)
(3654, 2608, 91, 91)
(3637, 2714, 77, 77)
(4475, 1871, 74, 74)
(317, 1884, 66, 66)
(2332, 3440, 430, 430)
(4432, 1133, 30, 30)
(2603, 1987, 237, 237)
(4949, 694, 240, 240)
(3623, 3186, 101, 101)
(2623, 2878, 92, 92)
(3679, 3017, 56, 56)
(3751, 2613, 86, 86)
(1561, 3107, 66, 66)
(3897, 2660, 58, 58)
(5833, 3582, 52, 52)
(2600, 2205, 221, 221)
(289, 1851, 79, 79)
(2895, 2356, 57, 57)
(4979, 859, 94, 94)
(3943, 2428, 31, 31)
(4279, 1750, 26, 26)
(4454, 1278, 55, 55)
imagesTest\wes-lewis-zt6OxRORM2g-unsplash.jpg
20
(2945, 2229, 33, 33)
(4015, 411, 288, 288)
(2613, 593, 229, 229)
(2747, 725, 300, 300)
(4852, 710, 315, 315)
(735, 714, 381, 381)
(1879, 708, 401, 401)
(3132, 706, 406, 406)
(3706, 460, 352, 352)
(4014, 929, 71, 71)
(3960, 1909, 655, 655)
(4053, 1142, 370, 370)
(3536, 1179, 430, 430)
(3020, 1990, 96, 96)
(4206, 693, 245, 245)
(3627, 812, 70, 70)
(3757, 1900, 676, 676)
(1358, 611, 130, 130)
(1549, 883, 55, 55)
(1764, 934, 80, 80)
imagesTest\zahir-namane-hwc7eIQiTCE-unsplash.jpg
8
(2415, 1953, 765, 765)
(2087, 37, 100, 100)
(1908, 4686, 250, 250)
(2770, 4895, 238, 238)
(1498, 2385, 122, 122)
(1507, 1908, 115, 115)
(1995, 1023, 119, 119)
(1463, 3119, 122, 122)
