imagesTest\antenna-ohNCIiKVT1g-unsplash.jpg
25
(636, 1013, 32, 32)
(515, 1293, 39, 39)
(2487, 524, 103, 103)
(1531, 572, 77, 77)
(2037, 905, 98, 98)
(2904, 579, 85, 85)
(1150, 589, 70, 70)
(1859, 820, 92, 92)
(1194, 791, 77, 77)
(1601, 1080, 106, 106)
(1872, 958, 152, 152)
(1518, 804, 126, 126)
(2362, 559, 130, 130)
(687, 974, 156, 156)
(2594, 798, 228, 228)
(2604, 885, 194, 194)
(2468, 425, 28, 28)
(1820, 466, 58, 58)
(2055, 1129, 208, 208)
(1901, 120, 90, 90)
(1811, 1482, 29, 29)
(2504, 1517, 31, 31)
(2159, 965, 55, 55)
(410, 1632, 69, 69)
(504, 1499, 147, 147)

imagesTest\chuttersnap-gDDas5_ALRw-unsplash.jpg
501
(2997, 3002, 28, 28)
(5637, 2656, 32, 32)
(453, 356, 69, 69)
(3402, 3945, 59, 59)
(2183, 3957, 54, 54)
(1343, 1055, 39, 39)
(161, 3851, 59, 59)
(4420, 1812, 32, 32)
(1796, 728, 84, 84)
(810, 1056, 58, 58)
(1417, 1090, 88, 88)
(1632, 2805, 50, 50)
(4829, 749, 66, 66)
(1589, 1022, 78, 78)
(1439, 688, 70, 70)
(2747, 703, 90, 90)
(701, 2564, 51, 51)
(3877, 347, 84, 84)
(3930, 3756, 129, 129)
(2457, 1071, 65, 65)
(2918, 721, 89, 89)
(1033, 1067, 79, 79)
(1831, 350, 91, 91)
(1061, 3067, 57, 57)
(2072, 754, 85, 85)
(344, 1112, 68, 68)
(1239, 1106, 87, 87)
(4242, 372, 89, 89)
(1253, 12, 80, 80)
(2491, 1417, 86, 86)
(3307, 372, 91, 91)
(5776, 330, 80, 80)
(4483, 685, 105, 105)
(550, 2147, 58, 58)
(372, 2569, 96, 96)
(3450, 350, 71, 71)
(450, 15, 85, 85)
(33, 2205, 89, 89)
(1175, 2213, 80, 80)
(3601, 1712, 68, 68)
(2293, 2600, 60, 60)
(5527, 750, 96, 96)
(5714, 3065, 66, 66)
(4966, 2742, 59, 59)
(3669, 768, 92, 92)
(5850, 769, 91, 91)
(5563, 6, 89, 89)
(4098, 768, 102, 102)
(4681, 674, 88, 88)
(755, 16, 87, 87)
(5565, 1116, 95, 95)
(5749, 684, 91, 91)
(2, 396, 71, 71)
(2204, 2122, 93, 93)
(2988, 998, 95, 95)
(712, 708, 94, 94)
(4260, 1011, 81, 81)
(668, 1852, 62, 62)
(2766, 1048, 85, 85)
(1585, 2217, 90, 90)
(5006, 1490, 88, 88)
(4530, 2356, 71, 71)
(4193, 768, 91, 91)
(1624, 2365, 72, 72)
(1098, 773, 88, 88)
(390, 801, 84, 84)
(3851, 3252, 93, 93)
(1257, 813, 95, 95)
(5602, 1766, 90, 90)
(1116, 3255, 85, 85)
(1877, 818, 83, 83)
(2113, 1398, 95, 95)
(1500, 1126, 86, 86)
(3578, 1121, 98, 98)
(5339, 1135, 73, 73)
(560, 390, 100, 100)
(800, 404, 81, 81)
(5499, 1146, 58, 58)
(2702, 2898, 103, 103)
(992, 2107, 84, 84)
(3487, 2098, 106, 106)
(5142, 1135, 107, 107)
(4000, 412, 94, 94)
(5308, 2109, 97, 97)
(858, 2916, 103, 103)
(1626, 2644, 102, 102)
(1456, 734, 117, 117)
(1454, 2650, 104, 104)
(286, 3019, 87, 87)
(145, 3017, 97, 97)
(2905, 1521, 83, 83)
(1420, 2353, 111, 111)
(4570, 766, 119, 119)
(1023, 2368, 86, 86)
(2635, 2362, 104, 104)
(4029, 1532, 88, 88)
(4986, 1331, 108, 108)
(395, 1679, 88, 88)
(5505, 1345, 96, 96)
(491, 2282, 103, 103)
(3108, 1683, 87, 87)
(2295, 2022, 93, 93)
(5511, 817, 120, 120)
(5041, 3374, 118, 118)
(4552, 1698, 71, 71)
(660, 2037, 94, 94)
(856, 2561, 105, 105)
(2887, 1139, 103, 103)
(2273, 2819, 96, 96)
(4, 2646, 109, 109)
(5580, 1461, 95, 95)
(1112, 2661, 91, 91)
(3475, 1466, 102, 102)
(5481, 1471, 93, 93)
(4879, 348, 123, 123)
(3954, 829, 131, 131)
(1249, 1199, 101, 101)
(2362, 1194, 102, 102)
(2642, 3176, 108, 108)
(4514, 1886, 91, 91)
(339, 3189, 102, 102)
(222, 3153, 104, 104)
(5011, 1032, 102, 102)
(2867, 3196, 92, 92)
(3036, 2281, 106, 106)
(5694, 2384, 110, 110)
(3202, 2396, 101, 101)
(2334, 1894, 95, 95)
(5010, 3159, 110, 110)
(185, 1907, 92, 92)
(2948, 1590, 90, 90)
(4824, 3312, 108, 108)
(5259, 1588, 100, 100)
(5343, 1590, 93, 93)
(3576, 1070, 115, 115)
(1208, 3310, 126, 126)
(4434, 2492, 115, 115)
(206, 2374, 121, 121)
(5732, 1600, 89, 89)
(3192, 2044, 104, 104)
(4254, 2041, 116, 116)
(4139, 2592, 109, 109)
(5027, 2586, 120, 120)
(1487, 2057, 103, 103)
(2729, 1382, 86, 86)
(5230, 1111, 127, 127)
(5114, 1383, 88, 88)
(470, 1762, 91, 91)
(466, 2127, 110, 110)
(3265, 2611, 110, 110)
(2037, 1386, 100, 100)
(880, 1168, 82, 82)
(1835, 1424, 102, 102)
(5306, 2687, 117, 117)
(5282, 2962, 110, 110)
(4253, 1428, 94, 94)
(4385, 1430, 107, 107)
(3736, 2698, 111, 111)
(2115, 2968, 108, 108)
(3689, 1428, 104, 104)
(4890, 1173, 97, 97)
(4644, 1759, 114, 114)
(4849, 1766, 103, 103)
(3738, 3095, 119, 119)
(4508, 3096, 108, 108)
(3819, 1217, 88, 88)
(4117, 1217, 98, 98)
(3675, 2961, 148, 148)
(4635, 3109, 108, 108)
(4656, 3087, 150, 150)
(816, 2236, 103, 103)
(1727, 3072, 113, 113)
(1033, 2224, 127, 127)
(2173, 3099, 123, 123)
(641, 2242, 105, 105)
(2054, 1833, 94, 94)
(564, 1489, 101, 101)
(139, 1485, 125, 125)
(4729, 3201, 111, 111)
(875, 3214, 108, 108)
(97, 2341, 113, 113)
(2962, 3215, 98, 98)
(1393, 1532, 129, 129)
(759, 3353, 116, 116)
(1972, 1909, 94, 94)
(5428, 3372, 111, 111)
(5106, 1915, 72, 72)
(842, 1560, 91, 91)
(1851, 1913, 103, 103)
(2917, 1049, 128, 128)
(1429, 2530, 103, 103)
(3500, 2006, 114, 114)
(5781, 3625, 138, 138)
(3268, 1630, 90, 90)
(4302, 1622, 107, 107)
(1182, 2016, 112, 112)
(2823, 2087, 106, 106)
(2521, 1138, 118, 118)
(5786, 1705, 121, 121)
(164, 2998, 141, 141)
(5084, 1720, 103, 103)
(2402, 3128, 132, 132)
(1542, 1788, 99, 99)
(4924, 2944, 175, 175)
(3588, 1514, 114, 114)
(1779, 2358, 125, 125)
(3989, 3259, 122, 122)
(4018, 3253, 135, 135)
(1428, 1840, 129, 129)
(2143, 1843, 105, 105)
(4598, 1861, 97, 97)
(4893, 3728, 94, 94)
(484, 1936, 101, 101)
(2287, 2959, 199, 199)
(766, 1748, 249, 249)
(4794, 1948, 166, 166)
(5956, 3783, 46, 46)
(1948, 2184, 31, 31)
(3293, 3917, 56, 56)
(2703, 2490, 36, 36)
(1812, 3888, 58, 58)
(4736, 2309, 28, 28)
(282, 1182, 36, 36)
(3316, 40, 53, 53)
(4813, 3648, 115, 115)
(3368, 530, 75, 75)
(3257, 1148, 58, 58)
(3756, 2484, 54, 54)
(1982, 529, 80, 80)
(1844, 539, 76, 76)
(1167, 561, 85, 85)
(566, 1847, 50, 50)
(4069, 570, 87, 87)
(3232, 501, 83, 83)
(2052, 2875, 76, 76)
(1221, 2607, 77, 77)
(3609, 1737, 63, 63)
(1201, 201, 84, 84)
(2871, 2823, 90, 90)
(588, 159, 86, 86)
(2034, 575, 82, 82)
(4543, 2578, 71, 71)
(5898, 577, 80, 80)
(1755, 1075, 74, 74)
(2892, 574, 92, 92)
(5720, 2574, 102, 102)
(3454, 585, 86, 86)
(511, 167, 85, 85)
(4953, 2107, 97, 97)
(5734, 1747, 60, 60)
(4609, 588, 81, 81)
(4119, 2715, 113, 113)
(4616, 50, 79, 79)
(3087, 192, 88, 88)
(3526, 199, 79, 79)
(1105, 2835, 102, 102)
(2639, 528, 97, 97)
(1443, 2936, 109, 109)
(1647, 2937, 111, 111)
(5384, 2941, 105, 105)
(1973, 2293, 110, 110)
(1335, 3859, 97, 97)
(5075, 2789, 100, 100)
(1197, 787, 89, 89)
(1762, 3290, 101, 101)
(360, 3416, 101, 101)
(2442, 584, 101, 101)
(1560, 2415, 91, 91)
(4648, 2421, 96, 96)
(3728, 1162, 92, 92)
(902, 587, 116, 116)
(4878, 608, 86, 86)
(5785, 418, 87, 87)
(77, 1186, 75, 75)
(529, 2527, 103, 103)
(1096, 362, 91, 91)
(5662, 1850, 91, 91)
(2154, 3537, 122, 122)
(4846, 2887, 97, 97)
(3138, 1493, 93, 93)
(3241, 3567, 90, 90)
(171, 2382, 109, 109)
(610, 2720, 116, 116)
(49, 3110, 99, 99)
(2620, 1927, 89, 89)
(3083, 3079, 95, 95)
(4455, 3086, 100, 100)
(113, 1698, 101, 101)
(1409, 215, 85, 85)
(3020, 2826, 146, 146)
(1076, 1088, 104, 104)
(3757, 2077, 100, 100)
(2060, 2083, 104, 104)
(4470, 3248, 109, 109)
(1260, 3320, 117, 117)
(3853, 2158, 104, 104)
(850, 210, 120, 120)
(3229, 2161, 108, 108)
(4287, 2550, 122, 122)
(2405, 1400, 103, 103)
(4877, 2565, 113, 113)
(689, 851, 93, 93)
(3480, 422, 86, 86)
(5685, 854, 96, 96)
(2324, 2344, 101, 101)
(891, 1252, 95, 95)
(4499, 3476, 113, 113)
(1596, 432, 90, 90)
(5578, 430, 94, 94)
(3124, 1939, 90, 90)
(1961, 3483, 107, 107)
(5361, 1938, 92, 92)
(4423, 449, 72, 72)
(4657, 1645, 93, 93)
(521, 1653, 100, 100)
(1780, 1649, 100, 100)
(4049, 2017, 99, 99)
(829, 1727, 111, 111)
(2231, 1119, 135, 135)
(4568, 3557, 161, 161)
(1744, 562, 178, 178)
(3713, 2945, 189, 189)
(2848, 2937, 206, 206)
(4344, 1422, 123, 123)
(4257, 2363, 144, 144)
(4873, 1261, 98, 98)
(5200, 622, 151, 151)
(1779, 1252, 153, 153)
(1971, 1273, 100, 100)
(359, 237, 92, 92)
(5835, 1960, 97, 97)
(3155, 3818, 133, 133)
(1922, 3520, 403, 403)
(1221, 462, 88, 88)
(3154, 3777, 52, 52)
(5213, 1159, 296, 296)
(2269, 2055, 248, 248)
(3546, 2253, 114, 114)
(1153, 1566, 29, 29)
(204, 3235, 53, 53)
(3164, 2786, 62, 62)
(5053, 2895, 61, 61)
(1129, 56, 86, 86)
(5654, 2646, 62, 62)
(249, 597, 68, 68)
(5291, 429, 54, 54)
(2827, 63, 103, 103)
(4989, 57, 95, 95)
(1334, 72, 97, 97)
(2231, 77, 87, 87)
(3299, 2981, 89, 89)
(3468, 76, 96, 96)
(1150, 2507, 84, 84)
(903, 3064, 68, 68)
(2754, 804, 68, 68)
(3831, 2716, 94, 94)
(4272, 2811, 138, 138)
(526, 2926, 126, 126)
(415, 1206, 82, 82)
(2376, 1571, 92, 92)
(1637, 1240, 97, 97)
(5503, 2253, 86, 86)
(4388, 1959, 73, 73)
(726, 3169, 143, 143)
(471, 59, 246, 246)
(4430, 2094, 101, 101)
(3994, 2172, 110, 110)
(222, 1638, 90, 90)
(591, 1258, 102, 102)
(3131, 3446, 87, 87)
(5791, 1413, 103, 103)
(1059, 1282, 92, 92)
(4012, 239, 83, 83)
(3900, 3570, 107, 107)
(3277, 1473, 97, 97)
(2335, 429, 78, 78)
(829, 434, 81, 81)
(3354, 1894, 109, 109)
(5469, 1592, 111, 111)
(1488, 1596, 119, 119)
(4099, 853, 75, 75)
(536, 849, 99, 99)
(1292, 2055, 129, 129)
(860, 1719, 125, 125)
(3504, 3354, 102, 102)
(336, 3663, 161, 161)
(1513, 3660, 179, 179)
(4689, 855, 110, 110)
(4232, 3632, 173, 173)
(1239, 648, 120, 120)
(4982, 463, 87, 87)
(3754, 468, 86, 86)
(1484, 472, 86, 86)
(2972, 2254, 36, 36)
(4962, 505, 145, 145)
(4917, 2691, 42, 42)
(2006, 74, 62, 62)
(3192, 91, 75, 75)
(736, 1944, 54, 54)
(1039, 604, 55, 55)
(2594, 2793, 108, 108)
(2313, 2919, 115, 115)
(3274, 3163, 118, 118)
(1030, 1214, 79, 79)
(5258, 3468, 146, 146)
(336, 620, 62, 62)
(502, 2655, 116, 116)
(4165, 2882, 113, 113)
(4235, 1282, 81, 81)
(4878, 1665, 98, 98)
(1632, 261, 81, 81)
(365, 621, 83, 83)
(1431, 458, 67, 67)
(3265, 3401, 91, 91)
(3775, 3508, 118, 118)
(101, 264, 100, 100)
(4513, 272, 83, 83)
(1752, 648, 90, 90)
(3159, 653, 86, 86)
(1228, 659, 88, 88)
(2445, 3117, 153, 153)
(1505, 252, 118, 118)
(2334, 3603, 60, 60)
(1329, 3645, 57, 57)
(113, 892, 98, 98)
(5048, 903, 105, 105)
(5372, 903, 98, 98)
(5321, 745, 207, 207)
(3004, 485, 74, 74)
(3666, 3344, 84, 84)
(2381, 1214, 57, 57)
(2447, 3521, 89, 89)
(215, 113, 91, 91)
(1758, 126, 65, 65)
(4713, 1218, 59, 59)
(3676, 3587, 26, 26)
(2949, 2188, 84, 84)
(3172, 883, 52, 52)
(5382, 484, 28, 28)
(326, 2676, 110, 110)
(4613, 1279, 100, 100)
(3270, 1302, 93, 93)
(544, 3413, 66, 66)
(4853, 1452, 101, 101)
(5920, 1779, 85, 85)
(1333, 3623, 57, 57)
(1499, 270, 72, 72)
(3727, 277, 62, 62)
(2402, 277, 77, 77)
(1993, 867, 83, 83)
(2530, 889, 95, 95)
(277, 898, 85, 85)
(5892, 127, 81, 81)
(1180, 934, 133, 133)
(3367, 1241, 57, 57)
(5902, 1630, 78, 78)
(1835, 1332, 85, 85)
(1260, 1705, 92, 92)
(2144, 2007, 82, 82)
(1228, 918, 46, 46)
(1307, 1946, 97, 97)
(4008, 2390, 28, 28)
(4212, 160, 67, 67)
(185, 297, 78, 78)
(5374, 163, 66, 66)
(1199, 317, 85, 85)
(2743, 923, 94, 94)
(850, 923, 124, 124)
(3040, 3452, 64, 64)
(5846, 959, 94, 94)
(3812, 1624, 56, 56)
(1703, 305, 55, 55)
(4700, 1935, 158, 158)
(28, 2152, 122, 122)
(67, 901, 58, 58)
(4190, 2052, 27, 27)
(3169, 861, 57, 57)
(1972, 317, 103, 103)
(2573, 328, 117, 117)
(2668, 3552, 80, 80)
(2129, 901, 77, 77)
(3854, 1635, 57, 57)
(298, 1645, 60, 60)
(3694, 1643, 69, 69)
(2506, 956, 97, 97)
(3324, 2149, 135, 135)
(1866, 964, 101, 101)
(2020, 2020, 63, 63)
(5510, 1264, 76, 76)
(738, 337, 52, 52)
(3372, 1509, 209, 209)
(2960, 2438, 49, 49)
(4417, 899, 84, 84)
(2266, 943, 79, 79)
(1317, 1329, 72, 72)
(1941, 1000, 81, 81)
(4447, 995, 35, 35)
(3734, 958, 64, 64)
(1602, 967, 58, 58)
(3938, 1001, 70, 70)
(284, 1026, 90, 90)

imagesTest\danie-franco-WyyMwi7ZtDY-unsplash.jpg
33
(4642, 1695, 193, 193)
(4122, 1643, 124, 124)
(1182, 1667, 205, 205)
(2254, 1740, 51, 51)
(2974, 2086, 56, 56)
(3947, 1854, 178, 178)
(3154, 1999, 56, 56)
(3539, 1859, 182, 182)
(2364, 1826, 167, 167)
(2822, 1802, 177, 177)
(4945, 1822, 148, 148)
(391, 2389, 117, 117)
(1536, 2268, 131, 131)
(3149, 2508, 247, 247)
(4336, 2448, 240, 240)
(812, 3490, 140, 140)
(2235, 1804, 29, 29)
(918, 2638, 58, 58)
(1455, 2869, 67, 67)
(4062, 2112, 67, 67)
(4388, 2122, 52, 52)
(1524, 3235, 56, 56)
(2754, 2447, 244, 244)
(2360, 2479, 211, 211)
(3650, 3019, 198, 198)
(3437, 2377, 72, 72)
(1925, 1883, 68, 68)
(4771, 2429, 159, 159)
(4154, 2687, 243, 243)
(4163, 2543, 126, 126)
(3240, 2084, 95, 95)
(873, 2592, 29, 29)
(1809, 2622, 80, 80)

imagesTest\eliott-reyna-jCEpN62oWL4-unsplash.jpg
52
(4259, 1997, 48, 48)
(3951, 1560, 43, 43)
(2176, 1761, 57, 57)
(2425, 877, 52, 52)
(4572, 1752, 82, 82)
(2700, 1768, 76, 76)
(3467, 982, 66, 66)
(2665, 1800, 126, 126)
(4062, 1335, 161, 161)
(5700, 1034, 104, 104)
(3295, 1052, 80, 80)
(2132, 1117, 168, 168)
(2085, 750, 290, 290)
(4496, 806, 282, 282)
(2316, 1839, 49, 49)
(2414, 1846, 56, 56)
(834, 1348, 352, 352)
(2409, 1294, 60, 60)
(2197, 163, 54, 54)
(2335, 490, 53, 53)
(2540, 1495, 117, 117)
(3102, 797, 53, 53)
(4341, 758, 65, 65)
(2298, 1236, 94, 94)
(3853, 798, 63, 63)
(1272, 3025, 45, 45)
(4896, 761, 105, 105)
(4116, 789, 100, 100)
(2125, 1797, 51, 51)
(2183, 48, 39, 39)
(1088, 586, 329, 329)
(2309, 1645, 35, 35)
(2314, 1717, 41, 41)
(1612, 1106, 318, 318)
(1046, 2039, 134, 134)
(3728, 1500, 53, 53)
(3105, 818, 46, 46)
(4124, 1160, 85, 85)
(1439, 1223, 81, 81)
(4422, 1857, 71, 71)
(3175, 2118, 54, 54)
(1612, 926, 90, 90)
(2423, 1335, 46, 46)
(3069, 1324, 53, 53)
(2133, 1635, 60, 60)
(1307, 1587, 86, 86)
(4049, 2224, 400, 400)
(2433, 1377, 30, 30)
(2189, 726, 321, 321)
(4343, 854, 58, 58)
(4075, 1656, 27, 27)
(240, 257, 87, 87)

imagesTest\hassan-khan-EGVccebWodM-unsplash.jpg
4
(417, 1278, 2602, 2602)
(1034, 4684, 147, 147)
(2884, 716, 205, 205)
(580, 3254, 1697, 1697)

imagesTest\jade-masri-74tlEYKgrBE-unsplash.jpg
16
(2040, 1900, 65, 65)
(1566, 1528, 210, 210)
(2762, 2143, 326, 326)
(581, 2437, 187, 187)
(1315, 2408, 278, 278)
(562, 1704, 211, 211)
(388, 1946, 51, 51)
(1254, 1336, 52, 52)
(3900, 2359, 218, 218)
(2517, 2474, 68, 68)
(2182, 2372, 280, 280)
(1289, 1096, 53, 53)
(3694, 2384, 173, 173)
(3197, 2285, 189, 189)
(1071, 2463, 211, 211)
(3604, 2535, 182, 182)

imagesTest\joel-muniz-HvZDCuRnSaY-unsplash.jpg
42
(1699, 23, 111, 111)
(2265, 2991, 61, 61)
(2419, 1195, 50, 50)
(1275, 1172, 52, 52)
(1237, 3322, 163, 163)
(2257, 3176, 173, 173)
(2280, 1916, 59, 59)
(334, 1609, 61, 61)
(1845, 2296, 95, 95)
(1551, 353, 282, 282)
(1704, 3217, 31, 31)
(239, 1629, 78, 78)
(1923, 3615, 38, 38)
(2027, 2029, 73, 73)
(1167, 906, 298, 298)
(1738, 1101, 433, 433)
(1762, 1468, 409, 409)
(799, 1277, 468, 468)
(1610, 1936, 535, 535)
(1604, 2086, 190, 190)
(1788, 252, 80, 80)
(685, 4169, 72, 72)
(1339, 1708, 36, 36)
(2357, 2078, 37, 37)
(1401, 3709, 39, 39)
(1337, 3693, 54, 54)
(2448, 1292, 96, 96)
(2458, 1797, 194, 194)
(1236, 1981, 116, 116)
(1299, 947, 104, 104)
(2739, 1762, 51, 51)
(834, 977, 36, 36)
(91, 2779, 126, 126)
(573, 1701, 70, 70)
(1365, 544, 91, 91)
(824, 1067, 282, 282)
(1638, 731, 97, 97)
(614, 1372, 74, 74)
(406, 1773, 59, 59)
(1655, 2240, 85, 85)
(1463, 1864, 53, 53)
(464, 1870, 66, 66)

imagesTest\krists-luhaers-AtPWnYNDJnM-unsplash.jpg
149
(3571, 1091, 53, 53)
(2421, 975, 55, 55)
(2272, 986, 53, 53)
(4295, 1243, 64, 64)
(5240, 1641, 52, 52)
(3666, 1030, 46, 46)
(3552, 1257, 64, 64)
(2889, 1052, 56, 56)
(3405, 1063, 63, 63)
(3024, 1005, 53, 53)
(1475, 1014, 49, 49)
(4711, 1348, 60, 60)
(3023, 2285, 52, 52)
(4141, 1263, 58, 58)
(2060, 960, 58, 58)
(1605, 1832, 54, 54)
(4835, 1356, 71, 71)
(3619, 1368, 65, 65)
(4428, 1380, 56, 56)
(1098, 740, 53, 53)
(1539, 1035, 60, 60)
(3453, 1319, 69, 69)
(1468, 965, 64, 64)
(5129, 1370, 69, 69)
(5369, 973, 69, 69)
(1514, 1327, 94, 94)
(2166, 1339, 86, 86)
(3048, 1058, 57, 57)
(878, 1055, 77, 77)
(5331, 1246, 88, 88)
(3167, 1309, 87, 87)
(2679, 1361, 83, 83)
(2471, 1364, 87, 87)
(1093, 1012, 73, 73)
(1814, 1461, 117, 117)
(2635, 1476, 96, 96)
(599, 686, 62, 62)
(1184, 1270, 108, 108)
(827, 1374, 112, 112)
(4608, 1489, 71, 71)
(1299, 1296, 120, 120)
(2591, 2061, 91, 91)
(2382, 1705, 96, 96)
(1277, 1088, 68, 68)
(2934, 1843, 91, 91)
(984, 1518, 113, 113)
(1580, 1657, 134, 134)
(1463, 1091, 80, 80)
(786, 1979, 189, 189)
(2290, 1105, 91, 91)
(2478, 2208, 185, 185)
(1146, 1198, 159, 159)
(1284, 763, 89, 89)
(3866, 1178, 55, 55)
(4308, 1125, 57, 57)
(4407, 3507, 121, 121)
(4260, 1330, 70, 70)
(3119, 1169, 57, 57)
(3224, 1169, 62, 62)
(1775, 1110, 61, 61)
(2836, 1155, 55, 55)
(2567, 2479, 40, 40)
(2252, 983, 58, 58)
(2421, 1156, 69, 69)
(4472, 2007, 57, 57)
(1626, 1211, 76, 76)
(1952, 1213, 72, 72)
(4248, 1120, 62, 62)
(1961, 1129, 62, 62)
(3050, 1430, 108, 108)
(2418, 1481, 93, 93)
(3544, 820, 55, 55)
(3289, 851, 44, 44)
(3640, 1142, 70, 70)
(3883, 1080, 55, 55)
(2507, 887, 50, 50)
(1011, 1179, 98, 98)
(1500, 765, 50, 50)
(1304, 771, 52, 52)
(492, 1436, 127, 127)
(3295, 913, 57, 57)
(3409, 942, 43, 43)
(2972, 832, 48, 48)
(5223, 1569, 80, 80)
(1963, 898, 56, 56)
(1380, 1208, 87, 87)
(2137, 849, 57, 57)
(4912, 1521, 154, 154)
(2902, 853, 57, 57)
(1545, 859, 63, 63)
(2324, 798, 50, 50)
(2433, 803, 53, 53)
(2388, 1775, 84, 84)
(1950, 831, 54, 54)
(2563, 835, 56, 56)
(1982, 1978, 165, 165)
(297, 863, 69, 69)
(1714, 877, 55, 55)
(3837, 2156, 141, 141)
(3991, 2520, 102, 102)
(866, 821, 74, 74)
(1369, 736, 52, 52)
(1726, 2317, 273, 273)
(506, 871, 82, 82)
(762, 899, 64, 64)
(1036, 908, 67, 67)
(1205, 903, 81, 81)
(3499, 1185, 58, 58)
(492, 836, 85, 85)
(1190, 869, 85, 85)
(1017, 855, 103, 103)
(3929, 1230, 64, 64)
(3083, 1233, 65, 65)
(3346, 1244, 64, 64)
(3282, 1398, 57, 57)
(2864, 1218, 87, 87)
(2969, 1321, 86, 86)
(1647, 1466, 71, 71)
(1793, 768, 54, 54)
(3009, 915, 54, 54)
(1123, 2408, 219, 219)
(1066, 912, 54, 54)
(2136, 870, 49, 49)
(2793, 1606, 171, 171)
(2289, 912, 62, 62)
(2649, 925, 57, 57)
(2775, 928, 59, 59)
(5355, 943, 75, 75)
(436, 1328, 66, 66)
(2014, 1792, 55, 55)
(4261, 1750, 57, 57)
(2109, 798, 46, 46)
(2905, 2164, 181, 181)
(1684, 766, 51, 51)
(2064, 912, 53, 53)
(2858, 1417, 139, 139)
(1685, 935, 62, 62)
(581, 1675, 156, 156)
(3535, 3262, 58, 58)
(4110, 3163, 76, 76)
(2042, 2772, 226, 226)
(2688, 2546, 59, 59)
(3014, 1505, 75, 75)
(3114, 3093, 80, 80)
(3123, 2585, 72, 72)
(4814, 2678, 50, 50)
(1319, 1602, 50, 50)
(3168, 2822, 58, 58)
(3112, 2857, 34, 34)

imagesTest\m-accelerator-zJYMJIrQYTE-unsplash.jpg
16
(3409, 2363, 91, 91)
(3544, 493, 58, 58)
(2758, 1396, 57, 57)
(2189, 1659, 233, 233)
(3435, 2493, 46, 46)
(1332, 1296, 89, 89)
(3396, 2318, 106, 106)
(232, 1178, 411, 411)
(2455, 634, 344, 344)
(2609, 1453, 134, 134)
(2613, 1347, 143, 143)
(3144, 1200, 162, 162)
(2146, 976, 72, 72)
(2325, 652, 336, 336)
(2792, 1061, 194, 194)
(2238, 1078, 62, 62)

imagesTest\michael-dam-mEZ3PoFGs_k-unsplash.jpg
1
(1061, 1062, 1529, 1529)

imagesTest\naassom-azevedo-Q_Sei-TqSlc-unsplash.jpg
47
(2582, 1311, 35, 35)
(810, 2134, 41, 41)
(2604, 4310, 59, 59)
(97, 814, 181, 181)
(477, 2096, 58, 58)
(2247, 1394, 131, 131)
(2046, 2912, 143, 143)
(453, 2625, 271, 271)
(2370, 4276, 138, 138)
(1752, 3024, 138, 138)
(991, 2490, 255, 255)
(995, 2592, 238, 238)
(2360, 4241, 125, 125)
(439, 2418, 271, 271)
(2867, 2471, 261, 261)
(1696, 2547, 263, 263)
(1969, 3113, 165, 165)
(1004, 1843, 225, 225)
(1875, 1996, 463, 463)
(79, 2058, 168, 168)
(2249, 2394, 266, 266)
(1121, 961, 57, 57)
(625, 1522, 47, 47)
(2541, 2931, 45, 45)
(1544, 4364, 106, 106)
(2492, 1929, 157, 157)
(2210, 1699, 179, 179)
(1367, 3165, 150, 150)
(1988, 3052, 166, 166)
(1746, 1455, 118, 118)
(2183, 1401, 54, 54)
(352, 1208, 52, 52)
(1797, 4333, 186, 186)
(2275, 2723, 351, 351)
(1663, 3141, 300, 300)
(1583, 3128, 54, 54)
(2510, 2374, 200, 200)
(2442, 1862, 54, 54)
(3132, 3943, 51, 51)
(1705, 3315, 134, 134)
(224, 3638, 103, 103)
(370, 3393, 152, 152)
(492, 2273, 37, 37)
(2595, 2622, 61, 61)
(503, 2338, 31, 31)
(865, 3775, 66, 66)
(1577, 3104, 62, 62)

imagesTest\nicholas-green-nPz8akkUmDI-unsplash.jpg
47
(1536, 2702, 100, 100)
(3294, 1835, 577, 577)
(3765, 733, 132, 132)
(1032, 1347, 239, 239)
(4857, 1179, 281, 281)
(2245, 2645, 35, 35)
(5686, 325, 161, 161)
(4544, 954, 249, 249)
(1379, 1111, 289, 289)
(5230, 814, 207, 207)
(3985, 1299, 453, 453)
(1113, 1651, 638, 638)
(3257, 1130, 369, 369)
(2543, 873, 187, 187)
(2420, 1214, 305, 305)
(4995, 890, 173, 173)
(5709, 760, 216, 216)
(4618, 1940, 1259, 1259)
(3099, 940, 245, 245)
(2324, 946, 243, 243)
(3129, 201, 100, 100)
(523, 475, 247, 247)
(439, 1882, 51, 51)
(1266, 1055, 162, 162)
(5257, 567, 66, 66)
(5789, 1386, 171, 171)
(255, 1920, 95, 95)
(41, 521, 91, 91)
(172, 544, 89, 89)
(5395, 1356, 447, 447)
(2144, 1705, 611, 611)
(3031, 1756, 140, 140)
(363, 949, 71, 71)
(3994, 931, 128, 128)
(929, 1574, 238, 238)
(5522, 839, 241, 241)
(5148, 607, 153, 153)
(186, 448, 260, 260)
(4433, 802, 53, 53)
(4321, 966, 57, 57)
(3069, 665, 156, 156)
(1330, 3651, 39, 39)
(2111, 466, 76, 76)
(2438, 3324, 192, 192)
(1657, 2971, 68, 68)
(4331, 3321, 51, 51)
(3889, 2194, 112, 112)

imagesTest\product-school--GajrOEN6m4-unsplash.jpg
30
(4846, 1373, 54, 54)
(684, 797, 144, 144)
(4059, 770, 134, 134)
(5453, 1418, 321, 321)
(1797, 1458, 353, 353)
(1404, 1546, 418, 418)
(220, 1856, 437, 437)
(5600, 1926, 72, 72)
(2696, 2656, 92, 92)
(1245, 1753, 168, 168)
(3837, 905, 64, 64)
(4832, 3071, 174, 174)
(2399, 189, 50, 50)
(1944, 1568, 481, 481)
(4554, 1533, 182, 182)
(3091, 205, 132, 132)
(805, 2662, 126, 126)
(1102, 815, 2116, 2116)
(4200, 1545, 57, 57)
(4860, 248, 48, 48)
(829, 2376, 131, 131)
(4044, 3007, 150, 150)
(5491, 3682, 50, 50)
(3587, 108, 63, 63)
(4516, 3336, 186, 186)
(2465, 3064, 81, 81)
(5078, 3296, 49, 49)
(4615, 2962, 59, 59)
(4860, 161, 49, 49)
(4587, 165, 51, 51)

imagesTest\product-school-V8KOZEUTx9E-unsplash.jpg
55
(4007, 726, 30, 30)
(5033, 2629, 54, 54)
(1, 1875, 40, 40)
(2975, 3626, 87, 87)
(3881, 2246, 52, 52)
(5794, 2908, 71, 71)
(1658, 713, 58, 58)
(4981, 1424, 406, 406)
(4969, 2587, 76, 76)
(5019, 2593, 74, 74)
(5018, 2151, 58, 58)
(4953, 2699, 70, 70)
(2864, 1574, 192, 192)
(5068, 2303, 72, 72)
(4931, 2558, 70, 70)
(5005, 2289, 76, 76)
(1097, 1598, 278, 278)
(716, 1634, 408, 408)
(2645, 2498, 106, 106)
(1475, 552, 72, 72)
(2914, 3827, 56, 56)
(3281, 3794, 45, 45)
(2988, 1464, 355, 355)
(5616, 1526, 49, 49)
(5881, 2740, 68, 68)
(3486, 1403, 67, 67)
(3444, 770, 53, 53)
(2745, 587, 50, 50)
(1495, 1333, 143, 143)
(4381, 3743, 217, 217)
(5191, 2417, 70, 70)
(4901, 2254, 67, 67)
(5584, 2081, 59, 59)
(2272, 467, 87, 87)
(3440, 1706, 154, 154)
(3715, 807, 64, 64)
(3053, 595, 85, 85)
(3259, 3874, 76, 76)
(3064, 2440, 138, 138)
(1608, 958, 124, 124)
(610, 2671, 32, 32)
(5009, 2537, 72, 72)
(5142, 2282, 70, 70)
(5075, 2226, 78, 78)
(5620, 1564, 42, 42)
(1305, 3026, 60, 60)
(5616, 1626, 47, 47)
(3647, 3748, 31, 31)
(4926, 2634, 85, 85)
(5014, 2125, 66, 66)
(4852, 2374, 74, 74)
(5205, 2392, 73, 73)
(1487, 1513, 286, 286)
(4738, 2059, 29, 29)
(4980, 1670, 56, 56)

imagesTest\quaritsch-photography-62AUD-Uwv98-unsplash.jpg
71
(4468, 8, 32, 32)
(2434, 1661, 28, 28)
(783, 2398, 91, 91)
(1623, 2486, 100, 100)
(1349, 1623, 39, 39)
(3526, 1623, 35, 35)
(3384, 1630, 29, 29)
(3687, 1630, 50, 50)
(3836, 2517, 47, 47)
(718, 1775, 29, 29)
(4336, 239, 70, 70)
(1696, 1857, 35, 35)
(4286, 2515, 65, 65)
(2928, 1790, 27, 27)
(1697, 1617, 54, 54)
(1122, 1224, 51, 51)
(377, 1678, 51, 51)
(1625, 1502, 62, 62)
(4248, 1592, 69, 69)
(3102, 1499, 63, 63)
(853, 1515, 60, 60)
(1744, 1701, 78, 78)
(3524, 720, 125, 125)
(944, 1515, 60, 60)
(3027, 1711, 62, 62)
(2752, 1307, 73, 73)
(4514, 1375, 53, 53)
(223, 717, 432, 432)
(3105, 1801, 73, 73)
(3255, 1226, 91, 91)
(674, 1657, 103, 103)
(4564, 1911, 63, 63)
(4469, 1767, 70, 70)
(1947, 1818, 98, 98)
(4386, 1496, 75, 75)
(728, 1416, 207, 207)
(3228, 1605, 140, 140)
(2817, 1627, 85, 85)
(4028, 2329, 29, 29)
(74, 676, 62, 62)
(1400, 1957, 82, 82)
(3959, 1741, 37, 37)
(2996, 2366, 47, 47)
(3160, 1511, 27, 27)
(3922, 2241, 57, 57)
(1554, 1639, 53, 53)
(1253, 1784, 49, 49)
(689, 2286, 78, 78)
(3862, 1012, 54, 54)
(1907, 1633, 66, 66)
(313, 900, 140, 140)
(246, 1672, 65, 65)
(460, 1500, 70, 70)
(4142, 2376, 101, 101)
(513, 1499, 82, 82)
(16, 596, 86, 86)
(3360, 1854, 133, 133)
(388, 1759, 28, 28)
(4136, 1642, 52, 52)
(4337, 331, 53, 53)
(894, 1401, 239, 239)
(3708, 1856, 34, 34)
(4405, 350, 28, 28)
(230, 1886, 108, 108)
(1228, 1661, 85, 85)
(4509, 2146, 68, 68)
(1298, 2089, 102, 102)
(568, 898, 55, 55)
(3542, 2150, 62, 62)
(1527, 2160, 62, 62)
(3525, 2173, 80, 80)

imagesTest\redd-f-oqVT4J_ps0Y-unsplash.jpg
71
(927, 999, 27, 27)
(189, 1722, 29, 29)
(1372, 804, 49, 49)
(799, 10, 52, 52)
(124, 1670, 30, 30)
(2419, 1102, 40, 40)
(1702, 1270, 46, 46)
(1617, 1422, 46, 46)
(1945, 857, 68, 68)
(1346, 1834, 50, 50)
(1446, 1193, 52, 52)
(2080, 1192, 66, 66)
(1790, 834, 65, 65)
(2332, 1242, 56, 56)
(551, 1339, 58, 58)
(2598, 1592, 53, 53)
(2650, 207, 80, 80)
(1742, 1671, 67, 67)
(2007, 1350, 48, 48)
(1239, 449, 77, 77)
(3680, 1646, 56, 56)
(848, 1196, 80, 80)
(1702, 1026, 71, 71)
(391, 1129, 65, 65)
(1910, 1133, 74, 74)
(1816, 1163, 90, 90)
(2509, 1168, 74, 74)
(3524, 1175, 65, 65)
(3118, 1230, 73, 73)
(1391, 1238, 72, 72)
(2521, 391, 281, 281)
(1763, 322, 679, 679)
(759, 1730, 104, 104)
(2921, 492, 173, 173)
(146, 1062, 96, 96)
(145, 1098, 91, 91)
(1878, 1686, 81, 81)
(1236, 1102, 93, 93)
(2679, 1290, 90, 90)
(610, 1118, 75, 75)
(1680, 1167, 67, 67)
(2062, 1656, 142, 142)
(1808, 1123, 106, 106)
(3614, 1460, 173, 173)
(3588, 336, 80, 80)
(3186, 1414, 50, 50)
(1148, 922, 86, 86)
(217, 1606, 51, 51)
(1808, 127, 201, 201)
(1274, 1460, 58, 58)
(2378, 1177, 53, 53)
(1877, 1273, 57, 57)
(3401, 1144, 118, 118)
(39, 1667, 169, 169)
(47, 701, 241, 241)
(642, 279, 81, 81)
(2472, 1453, 36, 36)
(2323, 1083, 47, 47)
(3293, 916, 75, 75)
(462, 1586, 35, 35)
(3140, 76, 34, 34)
(3158, 507, 94, 94)
(3236, 1623, 92, 92)
(1722, 1049, 72, 72)
(3415, 190, 62, 62)
(3270, 1400, 182, 182)
(525, 1121, 233, 233)
(1455, 936, 52, 52)
(3295, 541, 48, 48)
(2440, 1160, 72, 72)
(2088, 596, 55, 55)

imagesTest\susan-g-komen-3-day-wdVwF3Ese4o-unsplash.jpg
78
(2570, 1086, 36, 36)
(5319, 2535, 28, 28)
(5688, 2802, 29, 29)
(4899, 1913, 31, 31)
(5376, 2529, 55, 55)
(5719, 1011, 92, 92)
(2094, 1751, 59, 59)
(5168, 2819, 58, 58)
(5223, 2607, 56, 56)
(5623, 2821, 68, 68)
(5572, 2455, 60, 60)
(1276, 693, 897, 897)
(3460, 695, 826, 826)
(2501, 658, 1011, 1011)
(3514, 3808, 31, 31)
(2608, 2490, 72, 72)
(2685, 2283, 67, 67)
(2675, 2036, 85, 85)
(3622, 3102, 134, 134)
(4089, 1974, 108, 108)
(5871, 3777, 75, 75)
(4051, 2009, 125, 125)
(468, 2500, 113, 113)
(2593, 2416, 175, 175)
(1354, 2240, 248, 248)
(2338, 3437, 428, 428)
(618, 1448, 108, 108)
(2640, 1633, 111, 111)
(5425, 2638, 54, 54)
(5577, 2639, 51, 51)
(318, 1884, 66, 66)
(3520, 3136, 26, 26)
(3679, 3017, 55, 55)
(3655, 2610, 86, 86)
(335, 3381, 37, 37)
(319, 3450, 42, 42)
(3861, 2362, 126, 126)
(1802, 2022, 134, 134)
(5718, 974, 98, 98)
(3513, 3087, 32, 32)
(3516, 3100, 30, 30)
(5226, 3379, 93, 93)
(3993, 3285, 27, 27)
(2755, 2568, 49, 49)
(3939, 3359, 30, 30)
(1796, 3269, 38, 38)
(453, 3276, 33, 33)
(5284, 2449, 65, 65)
(506, 3059, 55, 55)
(510, 3193, 60, 60)
(4018, 3011, 27, 27)
(4469, 1866, 83, 83)
(5614, 3140, 72, 72)
(4024, 2053, 131, 131)
(306, 3581, 31, 31)
(2323, 3200, 483, 483)
(2617, 2213, 200, 200)
(2621, 2879, 97, 97)
(5594, 3457, 53, 53)
(5832, 3580, 55, 55)
(1742, 3350, 64, 64)
(296, 3495, 52, 52)
(4272, 3345, 56, 56)
(662, 2488, 44, 44)
(3895, 2659, 59, 59)
(288, 1849, 82, 82)
(5587, 2761, 78, 78)
(5524, 3662, 26, 26)
(2644, 1850, 171, 171)
(1801, 3101, 63, 63)
(1562, 3108, 66, 66)
(5633, 3549, 37, 37)
(3514, 3053, 32, 32)
(5395, 3600, 64, 64)
(3630, 3196, 82, 82)
(2926, 2109, 129, 129)
(2609, 2626, 92, 92)
(366, 1757, 49, 49)

imagesTest\wes-lewis-zt6OxRORM2g-unsplash.jpg
22
(4019, 414, 280, 280)
(95, 2505, 61, 61)
(1367, 570, 123, 123)
(2616, 595, 223, 223)
(2746, 725, 303, 303)
(4850, 708, 319, 319)
(740, 719, 374, 374)
(1877, 704, 405, 405)
(3138, 709, 401, 401)
(3695, 449, 369, 369)
(4013, 929, 72, 72)
(4061, 1142, 365, 365)
(3523, 1170, 457, 457)
(4284, 650, 329, 329)
(3976, 1925, 625, 625)
(2613, 1459, 34, 34)
(5115, 1877, 68, 68)
(4211, 693, 244, 244)
(2945, 2229, 33, 33)
(3756, 1922, 665, 665)
(2087, 578, 57, 57)
(2327, 880, 461, 461)

imagesTest\zahir-namane-hwc7eIQiTCE-unsplash.jpg
51
(1771, 5832, 54, 54)
(1472, 4159, 56, 56)
(1461, 4137, 59, 59)
(1547, 2167, 70, 70)
(2087, 36, 102, 102)
(1022, 4253, 112, 112)
(1911, 5844, 132, 132)
(1469, 3242, 103, 103)
(1879, 4671, 295, 295)
(1757, 1727, 104, 104)
(1481, 3129, 104, 104)
(820, 608, 494, 494)
(1047, 2642, 149, 149)
(1760, 5805, 63, 63)
(2451, 1982, 705, 705)
(1450, 4404, 85, 85)
(1556, 626, 126, 126)
(987, 3707, 145, 145)
(1804, 2806, 87, 87)
(3664, 5687, 235, 235)
(1123, 3430, 51, 51)
(1502, 2384, 118, 118)
(1503, 3418, 76, 76)
(1051, 3544, 134, 134)
(1527, 2915, 68, 68)
(1442, 4522, 98, 98)
(1560, 3369, 57, 57)
(2098, 430, 82, 82)
(1480, 3530, 94, 94)
(2530, 198, 464, 464)
(1546, 1523, 69, 69)
(2300, 1500, 87, 87)
(1997, 1025, 117, 117)
(1464, 3954, 98, 98)
(1888, 3974, 277, 277)
(1545, 766, 141, 141)
(3031, 3466, 59, 59)
(1502, 3492, 67, 67)
(1515, 1914, 107, 107)
(1557, 3956, 76, 76)
(2103, 763, 63, 63)
(1568, 268, 112, 112)
(1563, 3496, 73, 73)
(1453, 4646, 76, 76)
(1438, 4700, 89, 89)
(1429, 5239, 95, 95)
(1517, 2528, 109, 109)
(1419, 4901, 99, 99)
(1548, 2512, 60, 60)
(1546, 2437, 90, 90)
(1519, 4993, 67, 67)

imagesTest\antenna-ohNCIiKVT1g-unsplash.jpg
1
(2599, 856, 233, 233)

imagesTest\chuttersnap-gDDas5_ALRw-unsplash.jpg
552
(3310, 2158, 111, 111)
(2448, 3883, 122, 122)
(3603, 3889, 114, 114)
(2068, 3688, 136, 136)
(2995, 3697, 139, 139)
(4529, 3692, 158, 158)
(4895, 3705, 138, 138)
(5512, 3836, 147, 147)
(3396, 3641, 178, 178)
(1486, 3643, 197, 197)
(1986, 2385, 57, 57)
(3626, 2156, 122, 122)
(387, 1998, 117, 117)
(2507, 2690, 93, 93)
(4512, 1879, 98, 98)
(406, 1672, 101, 101)
(5862, 1405, 56, 56)
(3111, 1671, 106, 106)
(3739, 1157, 98, 98)
(2645, 2351, 123, 123)
(1398, 1515, 61, 61)
(191, 2371, 123, 123)
(5233, 1522, 54, 54)
(1495, 2042, 129, 129)
(1989, 1904, 102, 102)
(3371, 1892, 120, 120)
(2982, 744, 104, 104)
(1672, 2129, 123, 123)
(1584, 2197, 130, 130)
(825, 2221, 127, 127)
(1049, 2222, 123, 123)
(3603, 1708, 85, 85)
(2876, 2708, 69, 69)
(4682, 665, 102, 102)
(2108, 1388, 111, 111)
(1105, 351, 109, 109)
(1784, 3391, 102, 102)
(5346, 1709, 123, 123)
(6, 2324, 97, 97)
(3202, 2388, 114, 114)
(4855, 1750, 134, 134)
(5928, 1773, 87, 87)
(5852, 2550, 98, 98)
(1247, 5, 92, 92)
(1558, 1779, 107, 107)
(362, 2414, 115, 115)
(4650, 2403, 131, 131)
(4479, 681, 107, 107)
(1417, 1839, 120, 120)
(2308, 1840, 96, 96)
(4438, 2476, 144, 144)
(4246, 358, 111, 111)
(2556, 1859, 86, 86)
(1670, 2501, 112, 112)
(5658, 1835, 118, 118)
(5587, 1448, 114, 114)
(1464, 2638, 122, 122)
(2593, 3041, 109, 109)
(1591, 1010, 99, 99)
(2073, 2078, 105, 105)
(2830, 2072, 131, 131)
(2910, 1508, 100, 100)
(2925, 712, 103, 103)
(4436, 2076, 131, 131)
(3496, 2083, 133, 133)
(3131, 1924, 119, 119)
(4, 383, 99, 99)
(545, 388, 97, 97)
(5375, 1932, 99, 99)
(3230, 2145, 138, 138)
(3837, 2143, 130, 130)
(4425, 1039, 112, 112)
(4384, 1941, 104, 104)
(2951, 2169, 115, 115)
(787, 1995, 123, 123)
(657, 2235, 119, 119)
(444, 3051, 83, 83)
(889, 3051, 85, 85)
(3560, 2246, 127, 127)
(384, 2256, 124, 124)
(2389, 1564, 100, 100)
(2869, 3180, 119, 119)
(4051, 2001, 126, 126)
(5699, 2370, 130, 130)
(103, 2329, 130, 130)
(2951, 1576, 111, 111)
(1192, 2000, 143, 143)
(2331, 2326, 138, 138)
(2282, 2011, 127, 127)
(447, 5, 106, 106)
(1428, 2342, 130, 130)
(1418, 1077, 109, 109)
(2965, 2334, 129, 129)
(5573, 4, 99, 99)
(5348, 1577, 115, 115)
(1791, 2348, 150, 150)
(5858, 759, 108, 108)
(4194, 752, 117, 117)
(986, 2083, 134, 134)
(5270, 1583, 108, 108)
(1832, 333, 120, 120)
(622, 2721, 116, 116)
(1888, 2724, 102, 102)
(3131, 3422, 127, 127)
(2580, 1358, 121, 121)
(791, 1730, 105, 105)
(3744, 2444, 124, 124)
(843, 1714, 128, 128)
(1433, 2513, 135, 135)
(1912, 2515, 136, 136)
(328, 1099, 104, 104)
(4676, 3433, 130, 130)
(847, 2545, 140, 140)
(3363, 2543, 122, 122)
(4911, 787, 100, 100)
(481, 1750, 108, 108)
(4292, 2538, 145, 145)
(372, 2554, 126, 126)
(4388, 1723, 150, 150)
(193, 1798, 102, 102)
(4883, 2553, 133, 133)
(50, 2620, 148, 148)
(391, 786, 108, 108)
(1635, 2633, 115, 115)
(1116, 2827, 116, 116)
(4149, 2585, 112, 112)
(5044, 2579, 128, 128)
(3436, 2625, 154, 154)
(3449, 782, 120, 120)
(1840, 1411, 124, 124)
(3627, 2824, 134, 134)
(3818, 795, 93, 93)
(2908, 1135, 103, 103)
(4255, 1421, 106, 106)
(3307, 356, 118, 118)
(4376, 1423, 116, 116)
(1317, 2053, 136, 136)
(3757, 2057, 138, 138)
(5737, 2065, 105, 105)
(2337, 1876, 130, 130)
(5323, 2670, 141, 141)
(3274, 1463, 114, 114)
(5841, 1951, 116, 116)
(5073, 2950, 113, 113)
(570, 1478, 119, 119)
(3141, 1478, 121, 121)
(5006, 1470, 125, 125)
(3202, 2031, 130, 130)
(3751, 3078, 142, 142)
(4146, 1497, 87, 87)
(709, 1192, 102, 102)
(60, 3101, 114, 114)
(125, 1484, 121, 121)
(640, 1485, 119, 119)
(2752, 690, 113, 113)
(1297, 373, 124, 124)
(1418, 2784, 130, 130)
(3871, 2793, 121, 121)
(1272, 1202, 92, 92)
(465, 2106, 142, 142)
(2150, 3089, 138, 138)
(1758, 2110, 132, 132)
(2206, 2105, 126, 126)
(2858, 3093, 129, 129)
(4683, 1189, 114, 114)
(4509, 3073, 156, 156)
(4638, 3089, 144, 144)
(2275, 2803, 125, 125)
(848, 1545, 117, 117)
(2532, 2121, 126, 126)
(1794, 708, 121, 121)
(885, 3206, 123, 123)
(2701, 1026, 104, 104)
(2962, 3197, 135, 135)
(5445, 3202, 130, 130)
(4576, 2816, 117, 117)
(4003, 394, 122, 122)
(4670, 1024, 111, 111)
(5019, 1028, 107, 107)
(770, 1025, 115, 115)
(911, 1590, 123, 123)
(5111, 3217, 142, 142)
(4739, 3182, 142, 142)
(864, 2902, 129, 129)
(5499, 2207, 149, 149)
(4451, 2812, 143, 143)
(4953, 1600, 109, 109)
(5730, 1577, 136, 136)
(3480, 407, 114, 114)
(2328, 3336, 138, 138)
(2312, 2907, 139, 139)
(2075, 742, 109, 109)
(3505, 3334, 137, 137)
(913, 3343, 124, 124)
(5530, 740, 116, 116)
(370, 1788, 121, 121)
(1668, 2925, 127, 127)
(1748, 1050, 125, 125)
(821, 422, 107, 107)
(4306, 1609, 128, 128)
(5902, 1620, 98, 98)
(2755, 3351, 128, 128)
(3274, 1617, 112, 112)
(219, 3358, 123, 123)
(551, 3361, 123, 123)
(1266, 3305, 147, 147)
(1965, 3471, 129, 129)
(4500, 3458, 141, 141)
(5242, 3463, 144, 144)
(3405, 1673, 99, 99)
(5591, 421, 111, 111)
(1105, 756, 117, 117)
(1603, 424, 107, 107)
(4422, 429, 109, 109)
(4555, 760, 119, 119)
(2837, 1082, 92, 92)
(4, 1107, 108, 108)
(1612, 2406, 124, 124)
(809, 3604, 141, 141)
(1131, 3616, 139, 139)
(5572, 1105, 114, 114)
(4954, 2086, 137, 137)
(5768, 3622, 128, 128)
(82, 332, 123, 123)
(445, 330, 125, 125)
(1715, 1380, 117, 117)
(2730, 1361, 126, 126)
(1506, 1113, 108, 108)
(2413, 1389, 120, 120)
(3585, 1105, 120, 120)
(1142, 3761, 131, 131)
(5325, 1387, 120, 120)
(536, 2513, 125, 125)
(5336, 1119, 97, 97)
(3931, 3741, 154, 154)
(5060, 2775, 114, 114)
(2491, 1399, 115, 115)
(1739, 2762, 151, 151)
(4707, 3761, 154, 154)
(1885, 805, 107, 107)
(4148, 2865, 144, 144)
(1864, 3777, 139, 139)
(4852, 2874, 119, 119)
(2299, 1435, 122, 122)
(758, 3068, 117, 117)
(3393, 2854, 143, 143)
(3263, 808, 108, 108)
(1730, 3052, 148, 148)
(4077, 2875, 127, 127)
(761, 2524, 133, 133)
(3087, 3056, 139, 139)
(2706, 2881, 139, 139)
(878, 1144, 126, 126)
(3450, 1452, 124, 124)
(3273, 2601, 128, 128)
(3663, 2605, 129, 129)
(5832, 2882, 135, 135)
(5482, 1452, 133, 133)
(3848, 3152, 166, 166)
(1934, 2981, 126, 126)
(3161, 838, 107, 107)
(3944, 829, 113, 113)
(4100, 834, 115, 115)
(541, 837, 118, 118)
(143, 2997, 135, 135)
(72, 1166, 112, 112)
(3574, 1502, 129, 129)
(4713, 1505, 124, 124)
(2175, 3305, 138, 138)
(400, 1190, 112, 112)
(693, 836, 119, 119)
(4825, 3289, 156, 156)
(1038, 1202, 93, 93)
(4030, 1515, 122, 122)
(3640, 3325, 126, 126)
(2428, 3115, 150, 150)
(3827, 1209, 101, 101)
(3004, 2823, 143, 143)
(4577, 860, 95, 95)
(5254, 856, 97, 97)
(2074, 3132, 133, 133)
(1999, 855, 105, 105)
(1119, 3240, 109, 109)
(4706, 849, 128, 128)
(3854, 3232, 126, 126)
(1520, 2838, 139, 139)
(3332, 1210, 109, 109)
(5479, 3554, 159, 159)
(4478, 3237, 132, 132)
(3685, 1612, 134, 134)
(4001, 3247, 138, 138)
(2126, 2960, 126, 126)
(4657, 1628, 125, 125)
(5878, 1220, 106, 106)
(231, 1625, 112, 112)
(592, 1249, 114, 114)
(5292, 2955, 123, 123)
(751, 1243, 98, 98)
(892, 1240, 118, 118)
(3302, 2960, 131, 131)
(530, 2966, 127, 127)
(3744, 3369, 139, 139)
(5055, 3370, 129, 129)
(5426, 3349, 153, 153)
(1437, 3156, 146, 146)
(4876, 1249, 120, 120)
(4428, 3376, 137, 137)
(124, 1685, 124, 124)
(4621, 39, 99, 99)
(3707, 2960, 138, 138)
(2319, 433, 120, 120)
(999, 3385, 134, 134)
(5788, 1698, 131, 131)
(1979, 1260, 123, 123)
(2441, 3494, 137, 137)
(2804, 1269, 106, 106)
(3752, 449, 122, 122)
(4979, 444, 127, 127)
(1061, 1265, 122, 122)
(3792, 3493, 142, 142)
(4027, 3515, 134, 134)
(4618, 1265, 122, 122)
(1486, 456, 116, 116)
(2123, 1043, 110, 110)
(2455, 1050, 103, 103)
(2611, 1045, 111, 111)
(3662, 753, 112, 112)
(1623, 2752, 117, 117)
(1075, 1076, 127, 127)
(1100, 2951, 157, 157)
(4692, 2582, 139, 139)
(616, 2974, 138, 138)
(3477, 2968, 149, 149)
(1246, 1093, 109, 109)
(4129, 2709, 122, 122)
(4953, 2697, 132, 132)
(2227, 1124, 117, 117)
(4254, 2803, 151, 151)
(5215, 1109, 127, 127)
(2505, 1130, 126, 126)
(331, 3220, 134, 134)
(4081, 1639, 133, 133)
(4995, 44, 122, 122)
(1036, 859, 125, 125)
(3535, 861, 108, 108)
(2637, 3150, 159, 159)
(126, 1235, 96, 96)
(1644, 1231, 110, 110)
(267, 883, 111, 111)
(2537, 880, 109, 109)
(4412, 892, 94, 94)
(124, 885, 110, 110)
(482, 1915, 147, 147)
(5053, 892, 127, 127)
(4870, 910, 114, 114)
(3151, 1273, 122, 122)
(4230, 1253, 140, 140)
(759, 705, 124, 124)
(2184, 1291, 117, 117)
(7, 1315, 107, 107)
(3885, 1307, 131, 131)
(4997, 1320, 126, 126)
(5513, 1331, 121, 121)
(2365, 1179, 127, 127)
(2497, 2118, 65, 65)
(4549, 2043, 76, 76)
(5285, 2424, 56, 56)
(498, 2267, 130, 130)
(2631, 3783, 148, 148)
(3924, 2517, 109, 109)
(5754, 2245, 150, 150)
(3051, 2273, 119, 119)
(3446, 2364, 113, 113)
(4797, 2351, 122, 122)
(4002, 2557, 134, 134)
(972, 2574, 135, 135)
(4043, 2679, 130, 130)
(4246, 2359, 146, 146)
(3364, 511, 112, 112)
(3638, 531, 86, 86)
(4076, 559, 109, 109)
(2033, 559, 113, 113)
(5901, 561, 110, 110)
(3458, 574, 109, 109)
(4612, 574, 109, 109)
(4207, 3065, 74, 74)
(3833, 585, 118, 118)
(3479, 3512, 118, 118)
(3934, 596, 105, 105)
(4886, 601, 98, 98)
(5393, 3799, 141, 141)
(2379, 3816, 125, 125)
(4374, 3806, 150, 150)
(2649, 518, 114, 114)
(2026, 2856, 107, 107)
(69, 2921, 130, 130)
(1165, 544, 115, 115)
(5389, 2921, 140, 140)
(2446, 3588, 157, 157)
(2894, 561, 118, 118)
(4871, 1452, 96, 96)
(613, 576, 127, 127)
(3121, 2653, 106, 106)
(5718, 2650, 122, 122)
(4257, 608, 112, 112)
(41, 610, 118, 118)
(400, 611, 121, 121)
(5816, 625, 118, 118)
(1225, 645, 117, 117)
(3167, 649, 98, 98)
(1839, 523, 106, 106)
(4358, 513, 121, 121)
(5112, 1720, 97, 97)
(4806, 2520, 128, 128)
(3688, 1414, 121, 121)
(276, 3011, 113, 113)
(5720, 3014, 128, 128)
(5436, 3018, 133, 133)
(987, 3155, 127, 127)
(4984, 3147, 134, 134)
(2488, 3248, 148, 148)
(1763, 3270, 140, 140)
(5310, 3273, 130, 130)
(366, 3402, 129, 129)
(905, 665, 117, 117)
(532, 1649, 104, 104)
(1120, 654, 128, 128)
(2160, 3523, 145, 145)
(3530, 190, 89, 89)
(3235, 3544, 134, 134)
(3900, 3547, 150, 150)
(3710, 1457, 136, 136)
(3161, 3799, 169, 169)
(4189, 3795, 153, 153)
(3522, 1865, 74, 74)
(838, 916, 128, 128)
(1174, 929, 119, 119)
(5610, 1752, 110, 110)
(1775, 1825, 110, 110)
(181, 1880, 148, 148)
(5093, 1886, 132, 132)
(1858, 1896, 133, 133)
(2621, 1906, 126, 126)
(2981, 1897, 129, 129)
(2787, 1976, 108, 108)
(1874, 2064, 114, 114)
(3091, 181, 109, 109)
(2173, 209, 107, 107)
(1413, 203, 107, 107)
(1435, 447, 82, 82)
(4879, 163, 113, 113)
(1222, 450, 105, 105)
(112, 2193, 149, 149)
(1197, 182, 120, 120)
(4607, 193, 111, 111)
(838, 204, 123, 123)
(2789, 212, 110, 110)
(3998, 1244, 89, 89)
(3002, 468, 112, 112)
(3228, 481, 121, 121)
(5634, 1277, 91, 91)
(3269, 1288, 114, 114)
(2815, 54, 124, 124)
(1343, 59, 121, 121)
(2227, 58, 124, 124)
(4120, 1201, 126, 126)
(1344, 1240, 126, 126)
(1488, 1249, 126, 126)
(1495, 248, 119, 119)
(4515, 256, 114, 114)
(3478, 65, 111, 111)
(1838, 1314, 115, 115)
(5790, 1305, 115, 115)
(1198, 1311, 115, 115)
(4517, 1314, 112, 112)
(910, 2308, 97, 97)
(2101, 3801, 149, 149)
(1982, 2281, 132, 132)
(1095, 2386, 108, 108)
(1151, 2577, 135, 135)
(2984, 2687, 126, 126)
(3748, 2685, 133, 133)
(5145, 2788, 140, 140)
(655, 3226, 80, 80)
(5002, 3680, 138, 138)
(2976, 3580, 239, 239)
(5416, 2787, 128, 128)
(4646, 1421, 130, 130)
(3922, 1661, 144, 144)
(706, 3160, 134, 134)
(1909, 3134, 166, 166)
(3273, 3153, 141, 141)
(1189, 3306, 119, 119)
(1133, 3127, 167, 167)
(5710, 853, 82, 82)
(2752, 911, 108, 108)
(3374, 905, 127, 127)
(5862, 952, 105, 105)
(1168, 3919, 69, 69)
(5110, 3832, 140, 140)
(4605, 1848, 117, 117)
(3507, 1994, 131, 131)
(3508, 1154, 104, 104)
(5245, 511, 117, 117)
(1430, 74, 108, 108)
(3192, 75, 105, 105)
(2829, 1117, 115, 115)
(3720, 263, 87, 87)
(3678, 77, 108, 108)
(3309, 3661, 86, 86)
(2040, 3410, 135, 135)
(3085, 3553, 117, 117)
(2867, 3551, 148, 148)
(2215, 3687, 138, 138)
(1339, 3847, 117, 117)
(4540, 3540, 171, 171)
(1939, 984, 114, 114)
(4563, 973, 117, 117)
(2995, 984, 115, 115)
(3922, 977, 125, 125)
(4991, 3371, 67, 67)
(220, 100, 110, 110)
(5504, 102, 120, 120)
(2914, 109, 116, 116)
(5151, 503, 105, 105)
(2403, 266, 99, 99)
(181, 286, 95, 95)
(724, 291, 119, 119)
(1819, 2974, 120, 120)
(5399, 908, 84, 84)
(1873, 953, 118, 118)
(3783, 993, 120, 120)
(4259, 994, 115, 115)
(1458, 3656, 86, 86)
(5118, 1607, 128, 128)
(1752, 118, 88, 88)
(5896, 113, 108, 108)
(4865, 115, 109, 109)
(588, 142, 118, 118)
(4205, 145, 109, 109)
(3480, 282, 114, 114)
(1989, 310, 119, 119)
(2556, 324, 122, 122)
(4084, 324, 129, 129)
(1732, 327, 104, 104)
(3877, 328, 119, 119)
(4560, 2972, 109, 109)
(5846, 3263, 115, 115)
(5363, 138, 111, 111)
(505, 150, 113, 113)
(4741, 3634, 106, 106)
(5680, 1049, 139, 139)

imagesTest\danie-franco-WyyMwi7ZtDY-unsplash.jpg
10
(4688, 1710, 166, 166)
(2805, 1778, 214, 214)
(3483, 1824, 265, 265)
(3084, 1601, 43, 43)
(3240, 2988, 51, 51)
(2411, 1841, 130, 130)
(3292, 1668, 39, 39)
(1514, 3230, 62, 62)
(1028, 2324, 27, 27)
(3610, 1891, 115, 115)

imagesTest\eliott-reyna-jCEpN62oWL4-unsplash.jpg
7
(3770, 1036, 191, 191)
(2151, 724, 309, 309)
(4539, 785, 299, 299)
(4753, 2611, 69, 69)
(2197, 183, 62, 62)
(1261, 3011, 77, 77)
(3220, 2090, 231, 231)

imagesTest\hassan-khan-EGVccebWodM-unsplash.jpg
0

imagesTest\jade-masri-74tlEYKgrBE-unsplash.jpg
4
(3219, 2287, 315, 315)
(268, 2371, 286, 286)
(580, 2396, 256, 256)
(2829, 2142, 305, 305)

imagesTest\joel-muniz-HvZDCuRnSaY-unsplash.jpg
4
(1616, 419, 302, 302)
(1580, 315, 322, 322)
(1734, 1035, 570, 570)
(544, 1806, 62, 62)

imagesTest\krists-luhaers-AtPWnYNDJnM-unsplash.jpg
7
(3279, 1373, 62, 62)
(3409, 1056, 75, 75)
(3886, 1068, 72, 72)
(914, 1104, 105, 105)
(1565, 863, 46, 46)
(2144, 868, 49, 49)
(1903, 1507, 59, 59)

imagesTest\m-accelerator-zJYMJIrQYTE-unsplash.jpg
1
(1102, 519, 491, 491)

imagesTest\michael-dam-mEZ3PoFGs_k-unsplash.jpg
0

imagesTest\naassom-azevedo-Q_Sei-TqSlc-unsplash.jpg
2
(1795, 2551, 197, 197)
(89, 2216, 56, 56)

imagesTest\nicholas-green-nPz8akkUmDI-unsplash.jpg
7
(3451, 1856, 546, 546)
(4026, 1250, 523, 523)
(1211, 1604, 675, 675)
(1397, 1081, 343, 343)
(2998, 1561, 374, 374)
(935, 1248, 447, 447)
(4954, 2030, 1040, 1040)

imagesTest\product-school--GajrOEN6m4-unsplash.jpg
2
(610, 1422, 397, 397)
(755, 1934, 306, 306)

imagesTest\product-school-V8KOZEUTx9E-unsplash.jpg
8
(1110, 1558, 348, 348)
(730, 1613, 425, 425)
(3004, 1394, 469, 469)
(4950, 1277, 700, 700)
(119, 1501, 496, 496)
(2153, 1543, 663, 663)
(4029, 1648, 539, 539)
(1540, 627, 78, 78)

imagesTest\quaritsch-photography-62AUD-Uwv98-unsplash.jpg
12
(1873, 1627, 33, 33)
(3259, 1506, 44, 44)
(3526, 1617, 45, 45)
(458, 981, 56, 56)
(382, 1676, 56, 56)
(4483, 1764, 72, 72)
(964, 1085, 123, 123)
(693, 1654, 103, 103)
(4503, 2135, 82, 82)
(966, 979, 97, 97)
(447, 1494, 82, 82)
(1912, 1632, 66, 66)

imagesTest\redd-f-oqVT4J_ps0Y-unsplash.jpg
10
(151, 1088, 106, 106)
(1249, 1103, 88, 88)
(392, 1122, 81, 81)
(1911, 1121, 94, 94)
(1828, 1157, 96, 96)
(2518, 1163, 80, 80)
(919, 1172, 64, 64)
(620, 1112, 77, 77)
(857, 1192, 82, 82)
(1682, 1160, 84, 84)

imagesTest\susan-g-komen-3-day-wdVwF3Ese4o-unsplash.jpg
9
(4968, 843, 129, 129)
(4411, 1382, 87, 87)
(4285, 1714, 40, 40)
(3843, 2649, 42, 42)
(4035, 2375, 28, 28)
(2733, 3351, 49, 49)
(2720, 3410, 50, 50)
(2741, 3317, 49, 49)
(2722, 3427, 45, 45)

imagesTest\wes-lewis-zt6OxRORM2g-unsplash.jpg
12
(4033, 370, 356, 356)
(779, 672, 426, 426)
(1918, 653, 488, 488)
(3183, 675, 473, 473)
(3591, 683, 215, 215)
(3672, 560, 367, 367)
(3531, 1116, 623, 623)
(4084, 1085, 488, 488)
(1702, 1532, 621, 621)
(2769, 689, 359, 359)
(2767, 1033, 381, 381)
(1008, 1147, 301, 301)

imagesTest\zahir-namane-hwc7eIQiTCE-unsplash.jpg
0

imagesTest\antenna-ohNCIiKVT1g-unsplash.jpg
12
(2219, 1118, 62, 62)
(1533, 572, 76, 76)
(2903, 578, 88, 88)
(1149, 588, 74, 74)
(2490, 526, 100, 100)
(1195, 792, 74, 74)
(2039, 906, 93, 93)
(1519, 804, 127, 127)
(1855, 818, 99, 99)
(692, 970, 161, 161)
(1875, 959, 148, 148)
(2599, 900, 158, 158)

imagesTest\chuttersnap-gDDas5_ALRw-unsplash.jpg
359
(3908, 1868, 41, 41)
(519, 1425, 43, 43)
(4076, 1087, 45, 45)
(1587, 1021, 78, 78)
(2493, 1418, 80, 80)
(565, 1850, 47, 47)
(1238, 1105, 90, 90)
(3600, 1713, 66, 66)
(2112, 1409, 70, 70)
(5258, 1444, 90, 90)
(450, 352, 77, 77)
(1798, 730, 78, 78)
(2454, 1068, 74, 74)
(4091, 355, 73, 73)
(2905, 1520, 86, 86)
(4713, 1526, 81, 81)
(2047, 1843, 71, 71)
(372, 2569, 94, 94)
(4245, 374, 82, 82)
(4192, 769, 89, 89)
(1854, 1915, 98, 98)
(5577, 1459, 95, 95)
(5476, 1468, 100, 100)
(779, 1045, 70, 70)
(4027, 1532, 89, 89)
(2923, 724, 80, 80)
(2383, 1574, 83, 83)
(1258, 16, 71, 71)
(4418, 1052, 91, 91)
(2948, 1591, 86, 86)
(5260, 1589, 98, 98)
(5343, 1591, 87, 87)
(3876, 345, 88, 88)
(3466, 742, 67, 67)
(1416, 1090, 84, 84)
(5115, 1382, 88, 88)
(2072, 752, 87, 87)
(5908, 2551, 67, 67)
(2731, 1382, 83, 83)
(1836, 1427, 96, 96)
(3689, 1431, 94, 94)
(4247, 1426, 96, 96)
(5527, 751, 93, 93)
(4510, 1892, 76, 76)
(1501, 1126, 85, 85)
(3582, 1126, 89, 89)
(5005, 1490, 88, 88)
(3258, 1148, 58, 58)
(5495, 1144, 64, 64)
(403, 1686, 74, 74)
(3109, 1685, 82, 82)
(3305, 371, 90, 90)
(902, 678, 88, 88)
(2327, 2348, 95, 95)
(841, 1558, 95, 95)
(1437, 688, 72, 72)
(4259, 1010, 81, 81)
(5730, 1599, 92, 92)
(2823, 2088, 101, 101)
(855, 2913, 107, 107)
(4880, 1664, 98, 98)
(3490, 2100, 99, 99)
(2640, 2366, 94, 94)
(991, 2106, 85, 85)
(2752, 704, 84, 84)
(4957, 2110, 85, 85)
(2, 395, 75, 75)
(470, 1763, 88, 88)
(5313, 2112, 88, 88)
(5607, 1766, 85, 85)
(2400, 1397, 107, 107)
(2953, 2190, 79, 79)
(5779, 330, 78, 78)
(5728, 3039, 77, 77)
(1035, 1069, 75, 75)
(757, 18, 82, 82)
(2328, 1890, 104, 104)
(492, 2283, 100, 100)
(1830, 349, 92, 92)
(1628, 2648, 92, 92)
(1779, 1648, 100, 100)
(1458, 2653, 95, 95)
(1421, 2355, 107, 107)
(5854, 772, 81, 81)
(1103, 774, 84, 84)
(3672, 770, 87, 87)
(5836, 1961, 96, 96)
(4649, 1763, 105, 105)
(1108, 2837, 96, 96)
(4847, 1765, 106, 106)
(4100, 770, 96, 96)
(5146, 1138, 98, 98)
(3198, 2047, 94, 94)
(76, 1185, 77, 77)
(388, 800, 83, 83)
(4893, 1176, 90, 90)
(5281, 2964, 108, 108)
(5694, 2389, 99, 99)
(462, 2128, 109, 109)
(1730, 3078, 99, 99)
(5746, 680, 92, 92)
(3086, 3077, 95, 95)
(1254, 1201, 94, 94)
(4176, 1779, 86, 86)
(5919, 1777, 86, 86)
(4481, 698, 71, 71)
(279, 1022, 96, 96)
(1585, 2217, 89, 89)
(1545, 1787, 97, 97)
(2144, 1843, 103, 103)
(5015, 1036, 92, 92)
(5657, 1853, 86, 86)
(4742, 3207, 95, 95)
(2963, 3217, 93, 93)
(877, 3215, 103, 103)
(1152, 2507, 80, 80)
(1753, 1074, 78, 78)
(4605, 1870, 80, 80)
(1265, 3324, 104, 104)
(2619, 1928, 85, 85)
(5038, 2593, 103, 103)
(801, 406, 77, 77)
(3194, 2393, 106, 106)
(5363, 1939, 88, 88)
(485, 1938, 96, 96)
(3130, 1940, 86, 86)
(5564, 1116, 95, 95)
(4001, 412, 90, 90)
(4646, 2421, 96, 96)
(2551, 336, 94, 94)
(4431, 2495, 109, 109)
(5309, 2687, 116, 116)
(4538, 768, 101, 101)
(4847, 2888, 94, 94)
(775, 2007, 106, 106)
(1185, 2016, 112, 112)
(880, 1167, 84, 84)
(3731, 1166, 82, 82)
(3759, 2081, 91, 91)
(2701, 2898, 101, 101)
(2599, 2795, 100, 100)
(2053, 2082, 106, 106)
(1400, 2788, 123, 123)
(144, 3016, 96, 96)
(705, 1201, 86, 86)
(1878, 819, 81, 81)
(2270, 2816, 100, 100)
(1033, 1214, 77, 77)
(3229, 2162, 103, 103)
(832, 1725, 110, 110)
(2418, 3132, 119, 119)
(3820, 1217, 85, 85)
(4119, 1218, 95, 95)
(644, 2242, 104, 104)
(2305, 2919, 113, 113)
(690, 851, 90, 90)
(3994, 3264, 108, 108)
(3553, 2256, 104, 104)
(4098, 853, 76, 76)
(1445, 2936, 106, 106)
(889, 1255, 91, 91)
(537, 853, 90, 90)
(100, 2342, 106, 106)
(588, 1261, 93, 93)
(5687, 853, 96, 96)
(3260, 3391, 111, 111)
(4872, 1260, 96, 96)
(1971, 1272, 100, 100)
(529, 2528, 101, 101)
(1430, 2531, 100, 100)
(4230, 1276, 93, 93)
(3267, 2614, 104, 104)
(4288, 2555, 113, 113)
(4649, 3081, 162, 162)
(2222, 1137, 93, 93)
(3479, 422, 85, 85)
(2991, 2837, 116, 116)
(2634, 2222, 102, 102)
(5785, 415, 90, 90)
(5573, 423, 102, 102)
(4691, 856, 112, 112)
(4422, 447, 74, 74)
(1057, 1282, 90, 90)
(4988, 1332, 105, 105)
(4889, 3724, 97, 97)
(1337, 3863, 93, 93)
(3315, 37, 57, 57)
(3414, 3797, 103, 103)
(3920, 3755, 129, 129)
(387, 2431, 45, 45)
(566, 1492, 90, 90)
(3368, 530, 71, 71)
(1981, 527, 83, 83)
(1842, 540, 74, 74)
(4698, 2616, 79, 79)
(5395, 1201, 58, 58)
(4070, 571, 84, 84)
(2034, 576, 80, 80)
(3455, 587, 80, 80)
(3271, 1632, 82, 82)
(4308, 1633, 88, 88)
(220, 1635, 93, 93)
(4658, 1645, 92, 92)
(5798, 1415, 96, 96)
(802, 566, 77, 77)
(5898, 576, 82, 82)
(2894, 576, 86, 86)
(3231, 500, 84, 84)
(4874, 2567, 106, 106)
(1168, 563, 81, 81)
(3169, 861, 56, 56)
(3089, 196, 81, 81)
(1076, 1091, 94, 94)
(4611, 588, 80, 80)
(2446, 586, 96, 96)
(4117, 2720, 102, 102)
(2891, 1138, 101, 101)
(4879, 608, 82, 82)
(512, 169, 82, 82)
(1650, 2938, 107, 107)
(2641, 529, 94, 94)
(5386, 2940, 104, 104)
(4856, 899, 70, 70)
(1634, 1240, 96, 96)
(501, 2653, 115, 115)
(1997, 868, 79, 79)
(2204, 2123, 91, 91)
(4386, 1959, 72, 72)
(1034, 878, 92, 92)
(364, 620, 78, 78)
(4147, 2883, 103, 103)
(1199, 198, 89, 89)
(3473, 2986, 114, 114)
(5850, 962, 87, 87)
(3748, 3100, 103, 103)
(31, 2203, 94, 94)
(1751, 646, 94, 94)
(3157, 650, 90, 90)
(2336, 425, 81, 81)
(1175, 2211, 82, 82)
(3271, 1303, 95, 95)
(1597, 433, 88, 88)
(3749, 2709, 86, 86)
(113, 891, 98, 98)
(121, 1704, 88, 88)
(3733, 956, 69, 69)
(4324, 2203, 91, 91)
(806, 2212, 86, 86)
(1409, 215, 83, 83)
(1975, 2294, 102, 102)
(4573, 874, 74, 74)
(3274, 3166, 109, 109)
(2643, 3177, 105, 105)
(349, 3195, 81, 81)
(2866, 3194, 93, 93)
(5377, 905, 94, 94)
(1222, 461, 88, 88)
(3751, 468, 87, 87)
(4980, 460, 92, 92)
(1484, 471, 85, 85)
(2778, 1991, 90, 90)
(2740, 921, 96, 96)
(1169, 944, 89, 89)
(817, 2237, 104, 104)
(1034, 2233, 106, 106)
(3391, 2872, 102, 102)
(3296, 2977, 98, 98)
(840, 221, 90, 90)
(784, 1740, 92, 92)
(362, 239, 87, 87)
(4510, 3098, 104, 104)
(54, 3114, 90, 90)
(4636, 3109, 105, 105)
(1938, 1001, 80, 80)
(3502, 3354, 101, 101)
(761, 3355, 109, 109)
(204, 3372, 97, 97)
(2527, 887, 97, 97)
(272, 899, 79, 79)
(661, 2036, 93, 93)
(220, 3152, 108, 108)
(2986, 997, 95, 95)
(183, 1905, 98, 98)
(361, 3415, 101, 101)
(2151, 3536, 124, 124)
(4237, 3630, 172, 172)
(5966, 1541, 46, 46)
(535, 1171, 42, 42)
(5902, 1632, 74, 74)
(2381, 1212, 59, 59)
(520, 1655, 95, 95)
(2708, 2096, 49, 49)
(3725, 3020, 47, 47)
(5726, 2578, 90, 90)
(333, 615, 65, 65)
(1633, 261, 80, 80)
(1497, 267, 81, 81)
(5782, 1715, 99, 99)
(1115, 3254, 86, 86)
(3852, 3253, 89, 89)
(5427, 3373, 107, 107)
(5041, 3378, 111, 111)
(4992, 59, 90, 90)
(5046, 905, 100, 100)
(3503, 2010, 103, 103)
(3433, 2369, 94, 94)
(1865, 965, 97, 97)
(4824, 3312, 107, 107)
(3893, 3566, 117, 117)
(1973, 1910, 92, 92)
(2832, 65, 101, 101)
(2233, 76, 85, 85)
(1339, 75, 90, 90)
(3470, 74, 98, 98)
(1428, 453, 76, 76)
(9, 2648, 101, 101)
(3136, 1280, 105, 105)
(1837, 1331, 82, 82)
(5508, 1346, 92, 92)
(4477, 3148, 56, 56)
(4515, 273, 79, 79)
(283, 610, 48, 48)
(104, 266, 97, 97)
(1785, 1997, 52, 52)
(1759, 3287, 104, 104)
(3189, 89, 80, 80)
(4386, 2706, 51, 51)
(248, 2852, 31, 31)
(3002, 485, 75, 75)
(1263, 1702, 96, 96)
(4620, 1290, 79, 79)
(2402, 277, 76, 76)
(5112, 1917, 60, 60)
(3131, 3444, 89, 89)
(4568, 3610, 53, 53)
(1328, 3646, 53, 53)
(215, 111, 90, 90)
(1757, 126, 64, 64)
(3690, 1638, 77, 77)
(2805, 3507, 92, 92)
(2441, 3517, 95, 95)
(4680, 679, 81, 81)
(4815, 3649, 112, 112)
(1315, 1326, 78, 78)
(1704, 307, 52, 52)
(912, 3068, 58, 58)
(5897, 131, 74, 74)
(5628, 1290, 70, 70)
(589, 158, 86, 86)
(3885, 1332, 84, 84)
(1200, 318, 84, 84)
(4490, 3474, 113, 113)
(3242, 3566, 90, 90)
(4212, 161, 65, 65)
(5373, 162, 66, 66)
(1688, 2034, 40, 40)
(210, 2376, 115, 115)
(3126, 2040, 52, 52)
(4569, 3553, 164, 164)

imagesTest\danie-franco-WyyMwi7ZtDY-unsplash.jpg
23
(4644, 1698, 187, 187)
(1883, 1774, 178, 178)
(3955, 1859, 164, 164)
(3536, 1859, 185, 185)
(4266, 1785, 168, 168)
(2828, 1805, 170, 170)
(4939, 1812, 171, 171)
(1618, 2685, 43, 43)
(1184, 1668, 196, 196)
(2364, 1828, 166, 166)
(1466, 2900, 64, 64)
(1816, 2627, 67, 67)
(2796, 2312, 61, 61)
(4321, 2431, 270, 270)
(1521, 3233, 61, 61)
(3143, 2506, 262, 262)
(4194, 2645, 104, 104)
(3102, 1842, 160, 160)
(3732, 2326, 172, 172)
(3949, 2383, 112, 112)
(3956, 2492, 170, 170)
(1584, 2722, 188, 188)
(2348, 2477, 239, 239)

imagesTest\eliott-reyna-jCEpN62oWL4-unsplash.jpg
24
(3951, 1558, 46, 46)
(4271, 950, 48, 48)
(3865, 903, 49, 49)
(2831, 1538, 75, 75)
(5258, 622, 89, 89)
(4502, 809, 267, 267)
(231, 1028, 169, 169)
(2130, 1118, 173, 173)
(1312, 730, 45, 45)
(3862, 2520, 24, 24)
(3105, 800, 48, 48)
(5414, 822, 65, 65)
(3833, 908, 42, 42)
(1258, 1820, 28, 28)
(1299, 2418, 48, 48)
(4030, 2718, 100, 100)
(3204, 976, 230, 230)
(4569, 1749, 91, 91)
(3956, 378, 21, 21)
(1298, 2403, 47, 47)
(4076, 1657, 26, 26)
(2416, 1846, 57, 57)
(5480, 506, 38, 38)
(4059, 1330, 162, 162)

imagesTest\hassan-khan-EGVccebWodM-unsplash.jpg
1
(425, 1295, 2606, 2606)

imagesTest\jade-masri-74tlEYKgrBE-unsplash.jpg
10
(1563, 1526, 212, 212)
(2698, 1359, 265, 265)
(1284, 1824, 148, 148)
(568, 1705, 203, 203)
(2766, 2145, 313, 313)
(1321, 2411, 272, 272)
(2184, 2372, 276, 276)
(3614, 2541, 171, 171)
(577, 2434, 192, 192)
(3907, 2352, 227, 227)

imagesTest\joel-muniz-HvZDCuRnSaY-unsplash.jpg
15
(1548, 363, 272, 272)
(2450, 1291, 97, 97)
(1733, 1120, 410, 410)
(809, 1286, 448, 448)
(1608, 2087, 186, 186)
(1014, 903, 62, 62)
(1522, 1360, 48, 48)
(1144, 505, 47, 47)
(844, 1079, 233, 233)
(1462, 1863, 54, 54)
(2267, 3300, 163, 163)
(1398, 3705, 45, 45)
(2275, 3686, 73, 73)
(1919, 3613, 44, 44)
(1125, 3982, 134, 134)

imagesTest\krists-luhaers-AtPWnYNDJnM-unsplash.jpg
101
(2251, 1043, 47, 47)
(2110, 799, 45, 45)
(2884, 1608, 46, 46)
(3407, 1065, 57, 57)
(2569, 837, 51, 51)
(605, 688, 56, 56)
(2421, 1054, 53, 53)
(3050, 1058, 53, 53)
(1517, 1330, 89, 89)
(3554, 1257, 63, 63)
(1366, 1023, 65, 65)
(3667, 1029, 48, 48)
(2262, 848, 50, 50)
(2138, 849, 55, 55)
(3623, 1369, 61, 61)
(2326, 801, 45, 45)
(4427, 1377, 61, 61)
(1099, 741, 50, 50)
(1473, 967, 59, 59)
(2423, 976, 52, 52)
(4984, 1544, 77, 77)
(1949, 830, 55, 55)
(3025, 1005, 51, 51)
(1811, 1015, 61, 61)
(713, 800, 61, 61)
(4055, 1578, 81, 81)
(2890, 1053, 55, 55)
(2060, 959, 60, 60)
(990, 1522, 104, 104)
(1544, 857, 66, 66)
(1137, 2417, 197, 197)
(1714, 877, 54, 54)
(939, 2309, 142, 142)
(2168, 1341, 80, 80)
(1967, 901, 50, 50)
(4710, 1346, 63, 63)
(762, 897, 63, 63)
(4838, 1356, 68, 68)
(953, 1627, 133, 133)
(885, 824, 63, 63)
(3345, 1242, 68, 68)
(1537, 1032, 66, 66)
(4294, 1241, 69, 69)
(1996, 1988, 141, 141)
(3572, 1091, 51, 51)
(1275, 1087, 74, 74)
(2686, 1366, 72, 72)
(506, 870, 83, 83)
(3169, 1308, 86, 86)
(4261, 1329, 71, 71)
(1814, 1464, 114, 114)
(2641, 1480, 88, 88)
(4609, 1487, 73, 73)
(2419, 1483, 93, 93)
(1185, 1272, 107, 107)
(1205, 902, 83, 83)
(3165, 1476, 180, 180)
(2289, 1107, 81, 81)
(1962, 1130, 60, 60)
(5368, 971, 72, 72)
(3357, 935, 162, 162)
(1770, 1103, 77, 77)
(1968, 1051, 112, 112)
(1502, 767, 46, 46)
(3154, 2479, 50, 50)
(3014, 918, 47, 47)
(3303, 917, 48, 48)
(2509, 888, 46, 46)
(2492, 2220, 162, 162)
(1586, 1661, 126, 126)
(2027, 1025, 49, 49)
(3682, 1066, 56, 56)
(3452, 1316, 71, 71)
(2479, 1366, 75, 75)
(5129, 1369, 71, 71)
(2903, 852, 59, 59)
(1863, 1373, 81, 81)
(2652, 926, 52, 52)
(2777, 927, 58, 58)
(3883, 1080, 55, 55)
(4307, 1125, 58, 58)
(1462, 1091, 80, 80)
(2423, 1157, 65, 65)
(1303, 770, 55, 55)
(3410, 940, 48, 48)
(1686, 768, 47, 47)
(1799, 772, 45, 45)
(1687, 936, 58, 58)
(3647, 1147, 60, 60)
(2834, 1152, 58, 58)
(1016, 1181, 93, 93)
(3118, 1167, 60, 60)
(3225, 1168, 63, 63)
(1628, 1211, 74, 74)
(2868, 1219, 83, 83)
(3017, 1503, 76, 76)
(3866, 1178, 54, 54)
(3501, 1184, 58, 58)
(1383, 1211, 84, 84)
(1950, 1212, 77, 77)
(3930, 1231, 62, 62)

imagesTest\m-accelerator-zJYMJIrQYTE-unsplash.jpg
2
(2053, 628, 188, 188)
(3400, 2319, 104, 104)

imagesTest\michael-dam-mEZ3PoFGs_k-unsplash.jpg
1
(1106, 1109, 1446, 1446)

imagesTest\naassom-azevedo-Q_Sei-TqSlc-unsplash.jpg
9
(2362, 2930, 42, 42)
(997, 2494, 250, 250)
(443, 2421, 262, 262)
(1699, 2552, 252, 252)
(2250, 2400, 258, 258)
(426, 2610, 308, 308)
(3446, 4275, 76, 76)
(2861, 2471, 269, 269)
(1830, 3040, 46, 46)

imagesTest\nicholas-green-nPz8akkUmDI-unsplash.jpg
25
(3308, 1846, 550, 550)
(3997, 1311, 429, 429)
(5385, 1353, 438, 438)
(1123, 1672, 609, 609)
(1271, 1054, 163, 163)
(1080, 1356, 213, 213)
(1385, 1112, 280, 280)
(4865, 1183, 274, 274)
(2416, 1213, 306, 306)
(163, 426, 294, 294)
(5701, 761, 222, 222)
(5508, 830, 273, 273)
(4541, 955, 251, 251)
(3269, 1144, 348, 348)
(4633, 1962, 1224, 1224)
(1520, 2672, 129, 129)
(36, 520, 94, 94)
(5138, 600, 167, 167)
(945, 1317, 304, 304)
(5674, 318, 175, 175)
(248, 3342, 377, 377)
(2576, 3419, 46, 46)
(2652, 1525, 122, 122)
(1656, 2972, 65, 65)
(2614, 3766, 132, 132)

imagesTest\product-school--GajrOEN6m4-unsplash.jpg
15
(1417, 1548, 404, 404)
(2119, 1615, 362, 362)
(675, 787, 160, 160)
(1218, 1635, 134, 134)
(5450, 1412, 329, 329)
(221, 1857, 418, 418)
(638, 1503, 244, 244)
(89, 1508, 738, 738)
(4961, 2694, 163, 163)
(4256, 1274, 314, 314)
(810, 2666, 115, 115)
(5369, 2636, 85, 85)
(2696, 2651, 100, 100)
(5644, 2878, 77, 77)
(5663, 2941, 127, 127)

imagesTest\product-school-V8KOZEUTx9E-unsplash.jpg
23
(4921, 2585, 62, 62)
(5015, 2124, 68, 68)
(2868, 1575, 195, 195)
(1488, 533, 55, 55)
(3875, 2206, 130, 130)
(84, 1533, 451, 451)
(3446, 771, 49, 49)
(4968, 2588, 76, 76)
(1511, 1531, 250, 250)
(5067, 2302, 71, 71)
(3437, 1703, 165, 165)
(1099, 1608, 250, 250)
(5646, 56, 48, 48)
(5615, 915, 48, 48)
(5617, 1527, 46, 46)
(4995, 1440, 359, 359)
(1613, 957, 121, 121)
(4955, 2700, 68, 68)
(5018, 2150, 62, 62)
(2978, 1452, 374, 374)
(5006, 2534, 78, 78)
(3948, 834, 24, 24)
(2967, 3625, 95, 95)

imagesTest\quaritsch-photography-62AUD-Uwv98-unsplash.jpg
43
(2434, 1661, 27, 27)
(3045, 695, 39, 39)
(3525, 1623, 36, 36)
(4286, 2515, 66, 66)
(1349, 1622, 40, 40)
(265, 925, 84, 84)
(564, 888, 67, 67)
(3099, 1497, 69, 69)
(3219, 1606, 138, 138)
(453, 1611, 69, 69)
(513, 1496, 85, 85)
(721, 1411, 223, 223)
(3688, 1630, 48, 48)
(676, 1659, 97, 97)
(941, 1512, 65, 65)
(2822, 1629, 80, 80)
(2163, 2110, 169, 169)
(4015, 2232, 47, 47)
(110, 1675, 23, 23)
(272, 904, 47, 47)
(74, 678, 59, 59)
(4334, 876, 52, 52)
(1118, 1222, 56, 56)
(127, 1526, 43, 43)
(4469, 1768, 66, 66)
(245, 1670, 65, 65)
(3271, 840, 59, 59)
(1230, 1659, 86, 86)
(4358, 1943, 102, 102)
(2095, 300, 54, 54)
(836, 1666, 37, 37)
(1776, 1563, 38, 38)
(1554, 1639, 51, 51)
(3252, 1226, 93, 93)
(3611, 376, 71, 71)
(1796, 1775, 52, 52)
(3846, 1514, 116, 116)
(260, 718, 365, 365)
(620, 1779, 58, 58)
(1402, 1956, 81, 81)
(2390, 2023, 52, 52)
(4509, 2147, 65, 65)
(712, 2179, 46, 46)

imagesTest\redd-f-oqVT4J_ps0Y-unsplash.jpg
28
(3268, 603, 46, 46)
(2085, 1195, 61, 61)
(1448, 1193, 51, 51)
(2212, 1205, 55, 55)
(849, 1198, 77, 77)
(1910, 1136, 69, 69)
(2510, 1170, 71, 71)
(3526, 1175, 64, 64)
(3120, 1231, 71, 71)
(390, 1128, 64, 64)
(146, 1098, 93, 93)
(1238, 1108, 82, 82)
(1820, 1167, 81, 81)
(609, 1119, 73, 73)
(1195, 1160, 64, 64)
(1680, 1168, 65, 65)
(2681, 1292, 83, 83)
(3520, 1281, 111, 111)
(3459, 1010, 32, 32)
(3592, 340, 73, 73)
(3288, 913, 85, 85)
(2618, 1021, 51, 51)
(2486, 331, 347, 347)
(1701, 1271, 46, 46)
(1964, 259, 50, 50)
(2220, 1122, 68, 68)
(3440, 1335, 58, 58)
(2604, 1591, 50, 50)

imagesTest\susan-g-komen-3-day-wdVwF3Ese4o-unsplash.jpg
14
(2698, 2465, 46, 46)
(1328, 2387, 48, 48)
(3689, 2597, 59, 59)
(1301, 692, 884, 884)
(2596, 2426, 150, 150)
(2484, 639, 990, 990)
(4484, 1874, 64, 64)
(2692, 1858, 54, 54)
(5168, 2819, 55, 55)
(3614, 3096, 130, 130)
(4788, 1566, 45, 45)
(1475, 3124, 45, 45)
(2601, 1983, 244, 244)
(3677, 3018, 52, 52)

imagesTest\wes-lewis-zt6OxRORM2g-unsplash.jpg
12
(4025, 417, 267, 267)
(2614, 593, 232, 232)
(2665, 1409, 58, 58)
(4204, 681, 261, 261)
(2757, 734, 279, 279)
(753, 721, 359, 359)
(1900, 721, 366, 366)
(3145, 712, 389, 389)
(4862, 713, 311, 311)
(3514, 1162, 467, 467)
(3990, 1935, 584, 584)
(4063, 1141, 364, 364)

imagesTest\zahir-namane-hwc7eIQiTCE-unsplash.jpg
9
(1128, 3285, 50, 50)
(1445, 3376, 102, 102)
(1449, 3108, 152, 152)
(1761, 5804, 65, 65)
(2462, 1987, 688, 688)
(1518, 3696, 192, 192)
(1497, 2387, 113, 113)
(1511, 1909, 119, 119)
(1026, 4252, 108, 108)

