0--Parade\0_Parade_marchingband_1_1004.jpg
3
(190, 693, 233, 650)
(410, 204, 454, 160)
(222, 849, 258, 813)
0--Parade\0_Parade_marchingband_1_104.jpg
0
0--Parade\0_Parade_marchingband_1_1045.jpg
0
0--Parade\0_Parade_marchingband_1_139.jpg
0
0--Parade\0_Parade_marchingband_1_147.jpg
0
0--Parade\0_Parade_marchingband_1_149.jpg
10
(378, 473, 414, 437)
(394, 745, 430, 709)
(390, 557, 426, 521)
(234, 241, 270, 205)
(390, 309, 426, 273)
(242, 837, 278, 801)
(378, 661, 414, 625)
(318, 701, 354, 665)
(238, 693, 274, 657)
(386, 401, 422, 365)
0--Parade\0_Parade_marchingband_1_156.jpg
0
0--Parade\0_Parade_marchingband_1_172.jpg
0
0--Parade\0_Parade_marchingband_1_188.jpg
0
0--Parade\0_Parade_marchingband_1_20.jpg
1
(362, 577, 398, 541)
0--Parade\0_Parade_marchingband_1_227.jpg
0
0--Parade\0_Parade_marchingband_1_234.jpg
0
0--Parade\0_Parade_marchingband_1_267.jpg
3
(222, 497, 258, 461)
(242, 199, 286, 156)
(222, 353, 258, 317)
0--Parade\0_Parade_marchingband_1_309.jpg
0
0--Parade\0_Parade_marchingband_1_311.jpg
0
0--Parade\0_Parade_marchingband_1_329.jpg
0
0--Parade\0_Parade_marchingband_1_353.jpg
2
(391, 408, 546, 253)
(297, 755, 426, 626)
0--Parade\0_Parade_marchingband_1_355.jpg
0
0--Parade\0_Parade_marchingband_1_356.jpg
0
0--Parade\0_Parade_marchingband_1_359.jpg
1
(124, 786, 176, 734)
0--Parade\0_Parade_marchingband_1_360.jpg
1
(107, 521, 159, 469)
0--Parade\0_Parade_marchingband_1_379.jpg
0
0--Parade\0_Parade_marchingband_1_382.jpg
3
(106, 373, 142, 337)
(170, 189, 214, 146)
(122, 847, 166, 804)
0--Parade\0_Parade_marchingband_1_404.jpg
0
0--Parade\0_Parade_marchingband_1_410.jpg
0
0--Parade\0_Parade_marchingband_1_439.jpg
0
0--Parade\0_Parade_marchingband_1_445.jpg
0
0--Parade\0_Parade_marchingband_1_465.jpg
0
0--Parade\0_Parade_marchingband_1_476.jpg
4
(204, 645, 247, 602)
(177, 792, 239, 729)
(132, 832, 175, 789)
(106, 885, 142, 849)
0--Parade\0_Parade_marchingband_1_488.jpg
0
0--Parade\0_Parade_marchingband_1_490.jpg
0
0--Parade\0_Parade_marchingband_1_517.jpg
3
(228, 496, 271, 453)
(163, 259, 225, 197)
(129, 114, 191, 52)
0--Parade\0_Parade_marchingband_1_525.jpg
0
0--Parade\0_Parade_marchingband_1_552.jpg
0
0--Parade\0_Parade_marchingband_1_556.jpg
4
(314, 607, 358, 564)
(258, 673, 294, 637)
(258, 377, 294, 341)
(262, 1001, 298, 965)
0--Parade\0_Parade_marchingband_1_561.jpg
0
0--Parade\0_Parade_marchingband_1_593.jpg
0
0--Parade\0_Parade_marchingband_1_606.jpg
4
(138, 285, 174, 249)
(132, 520, 175, 477)
(154, 873, 190, 837)
(158, 73, 194, 37)
0--Parade\0_Parade_marchingband_1_620.jpg
0
0--Parade\0_Parade_marchingband_1_629.jpg
0
0--Parade\0_Parade_marchingband_1_649.jpg
23
(286, 832, 329, 789)
(290, 736, 334, 693)
(84, 588, 127, 544)
(126, 529, 162, 493)
(204, 64, 247, 21)
(84, 453, 127, 410)
(286, 218, 329, 175)
(285, 337, 337, 285)
(158, 1005, 194, 969)
(324, 928, 367, 885)
(209, 986, 252, 943)
(158, 893, 194, 857)
(122, 85, 158, 49)
(194, 280, 238, 237)
(150, 685, 186, 649)
(122, 373, 158, 337)
(134, 137, 170, 101)
(130, 557, 166, 521)
(218, 703, 262, 660)
(154, 793, 190, 757)
(206, 857, 242, 821)
(130, 37, 166, 1)
(146, 281, 182, 245)
0--Parade\0_Parade_marchingband_1_653.jpg
0
0--Parade\0_Parade_marchingband_1_695.jpg
0
0--Parade\0_Parade_marchingband_1_710.jpg
1
(129, 522, 191, 460)
0--Parade\0_Parade_marchingband_1_74.jpg
1
(370, 221, 406, 185)
0--Parade\0_Parade_marchingband_1_746.jpg
8
(90, 781, 126, 745)
(94, 585, 130, 549)
(90, 409, 126, 373)
(98, 853, 134, 817)
(82, 461, 118, 425)
(82, 181, 118, 145)
(46, 801, 82, 765)
(110, 661, 146, 625)
0--Parade\0_Parade_marchingband_1_759.jpg
11
(42, 41, 78, 5)
(130, 389, 182, 337)
(153, 181, 205, 129)
(32, 417, 84, 366)
(55, 187, 107, 135)
(9, 222, 61, 170)
(129, 688, 191, 626)
(141, 544, 193, 492)
(22, 347, 65, 304)
(22, 117, 65, 74)
(149, 633, 211, 570)
0--Parade\0_Parade_marchingband_1_765.jpg
0
0--Parade\0_Parade_marchingband_1_768.jpg
0
0--Parade\0_Parade_marchingband_1_78.jpg
0
0--Parade\0_Parade_marchingband_1_818.jpg
0
0--Parade\0_Parade_marchingband_1_822.jpg
1
(106, 275, 196, 185)
0--Parade\0_Parade_marchingband_1_869.jpg
3
(198, 135, 260, 73)
(331, 757, 383, 705)
(214, 578, 257, 535)
0--Parade\0_Parade_marchingband_1_881.jpg
0
0--Parade\0_Parade_marchingband_1_910.jpg
0
0--Parade\0_Parade_marchingband_1_932.jpg
1
(354, 889, 390, 853)
0--Parade\0_Parade_Parade_0_102.jpg
0
0--Parade\0_Parade_Parade_0_12.jpg
6
(178, 433, 214, 397)
(136, 786, 188, 734)
(154, 361, 190, 325)
(170, 530, 214, 487)
(113, 866, 156, 823)
(142, 673, 178, 637)
0--Parade\0_Parade_Parade_0_120.jpg
1
(310, 146, 353, 103)
0--Parade\0_Parade_Parade_0_125.jpg
0
0--Parade\0_Parade_Parade_0_137.jpg
0
0--Parade\0_Parade_Parade_0_164.jpg
0
0--Parade\0_Parade_Parade_0_194.jpg
4
(355, 295, 445, 205)
(438, 235, 546, 127)
(285, 643, 375, 554)
(265, 454, 355, 364)
0--Parade\0_Parade_Parade_0_205.jpg
0
0--Parade\0_Parade_Parade_0_218.jpg
1
(390, 773, 426, 737)
0--Parade\0_Parade_Parade_0_239.jpg
5
(382, 533, 418, 497)
(294, 537, 330, 501)
(281, 434, 324, 391)
(282, 933, 318, 897)
(294, 385, 330, 349)
0--Parade\0_Parade_Parade_0_246.jpg
0
0--Parade\0_Parade_Parade_0_247.jpg
0
0--Parade\0_Parade_Parade_0_266.jpg
0
0--Parade\0_Parade_Parade_0_275.jpg
0
0--Parade\0_Parade_Parade_0_286.jpg
0
0--Parade\0_Parade_Parade_0_288.jpg
0
0--Parade\0_Parade_Parade_0_29.jpg
2
(163, 619, 237, 544)
(234, 353, 270, 317)
0--Parade\0_Parade_Parade_0_317.jpg
0
0--Parade\0_Parade_Parade_0_353.jpg
0
0--Parade\0_Parade_Parade_0_364.jpg
5
(146, 663, 236, 573)
(179, 867, 254, 793)
(128, 474, 235, 366)
(150, 373, 305, 218)
(130, 735, 204, 660)
0--Parade\0_Parade_Parade_0_376.jpg
0
0--Parade\0_Parade_Parade_0_377.jpg
0
0--Parade\0_Parade_Parade_0_382.jpg
2
(214, 829, 250, 793)
(242, 496, 286, 453)
0--Parade\0_Parade_Parade_0_429.jpg
4
(259, 509, 367, 402)
(259, 712, 367, 605)
(283, 259, 390, 151)
(96, 378, 171, 303)
0--Parade\0_Parade_Parade_0_43.jpg
0
0--Parade\0_Parade_Parade_0_443.jpg
4
(239, 432, 301, 370)
(185, 343, 228, 299)
(315, 750, 377, 688)
(206, 603, 295, 514)
0--Parade\0_Parade_Parade_0_459.jpg
0
0--Parade\0_Parade_Parade_0_461.jpg
0
0--Parade\0_Parade_Parade_0_465.jpg
2
(128, 605, 235, 497)
(140, 497, 247, 390)
0--Parade\0_Parade_Parade_0_468.jpg
1
(706, 735, 974, 468)
0--Parade\0_Parade_Parade_0_470.jpg
18
(149, 681, 211, 619)
(345, 554, 435, 464)
(232, 902, 294, 840)
(177, 951, 239, 888)
(385, 404, 474, 315)
(213, 494, 287, 419)
(170, 391, 232, 328)
(281, 992, 343, 930)
(153, 521, 205, 469)
(246, 370, 320, 295)
(245, 663, 335, 573)
(188, 229, 262, 154)
(163, 139, 271, 32)
(484, 215, 574, 126)
(253, 771, 315, 709)
(239, 840, 301, 778)
(179, 295, 254, 220)
(205, 598, 267, 536)
0--Parade\0_Parade_Parade_0_472.jpg
0
0--Parade\0_Parade_Parade_0_478.jpg
0
0--Parade\0_Parade_Parade_0_490.jpg
9
(188, 141, 239, 89)
(291, 55, 343, 3)
(322, 287, 384, 225)
(242, 770, 286, 727)
(170, 636, 222, 584)
(156, 780, 199, 736)
(86, 789, 122, 753)
(337, 521, 389, 469)
(454, 205, 544, 116)
0--Parade\0_Parade_Parade_0_502.jpg
1
(406, 501, 442, 465)
0--Parade\0_Parade_Parade_0_519.jpg
1
(250, 121, 286, 85)
0--Parade\0_Parade_Parade_0_53.jpg
2
(182, 849, 234, 798)
(175, 314, 218, 271)
0--Parade\0_Parade_Parade_0_545.jpg
0
0--Parade\0_Parade_Parade_0_559.jpg
0
0--Parade\0_Parade_Parade_0_611.jpg
2
(170, 347, 214, 304)
(156, 636, 199, 592)
0--Parade\0_Parade_Parade_0_616.jpg
5
(136, 344, 226, 255)
(126, 852, 216, 763)
(188, 187, 262, 113)
(146, 735, 221, 660)
(63, 552, 138, 478)
0--Parade\0_Parade_Parade_0_628.jpg
1
(202, 485, 238, 449)
0--Parade\0_Parade_Parade_0_639.jpg
1
(593, 688, 636, 645)
0--Parade\0_Parade_Parade_0_664.jpg
0
0--Parade\0_Parade_Parade_0_68.jpg
0
0--Parade\0_Parade_Parade_0_688.jpg
0
0--Parade\0_Parade_Parade_0_72.jpg
0
0--Parade\0_Parade_Parade_0_757.jpg
1
(118, 464, 341, 241)
0--Parade\0_Parade_Parade_0_814.jpg
0
0--Parade\0_Parade_Parade_0_829.jpg
1
(206, 847, 527, 526)
0--Parade\0_Parade_Parade_0_850.jpg
1
(290, 661, 326, 625)
0--Parade\0_Parade_Parade_0_854.jpg
1
(444, 832, 487, 789)
0--Parade\0_Parade_Parade_0_873.jpg
4
(464, 371, 516, 319)
(511, 876, 586, 801)
(322, 425, 358, 389)
(414, 177, 450, 141)
0--Parade\0_Parade_Parade_0_887.jpg
8
(205, 722, 267, 660)
(251, 579, 303, 527)
(335, 573, 425, 484)
(262, 295, 337, 220)
(384, 218, 446, 156)
(308, 337, 360, 285)
(319, 796, 426, 689)
(308, 452, 360, 400)
0--Parade\0_Parade_Parade_0_901.jpg
2
(718, 425, 872, 270)
(384, 954, 705, 633)
0--Parade\0_Parade_Parade_0_906.jpg
5
(271, 354, 378, 247)
(283, 545, 390, 438)
(304, 419, 378, 345)
(254, 755, 383, 626)
(275, 643, 365, 554)
0--Parade\0_Parade_Parade_0_913.jpg
0
0--Parade\0_Parade_Parade_0_917.jpg
0
0--Parade\0_Parade_Parade_0_960.jpg
4
(36, 315, 126, 225)
(246, 776, 320, 701)
(221, 950, 296, 876)
(225, 182, 354, 53)
1--Handshaking\1_Handshaking_Handshaking_1_107.jpg
1
(222, 572, 407, 386)
1--Handshaking\1_Handshaking_Handshaking_1_134.jpg
2
(118, 601, 154, 565)
(82, 769, 211, 640)
1--Handshaking\1_Handshaking_Handshaking_1_158.jpg
1
(168, 339, 297, 210)
1--Handshaking\1_Handshaking_Handshaking_1_209.jpg
1
(163, 318, 271, 211)
1--Handshaking\1_Handshaking_Handshaking_1_236.jpg
2
(242, 761, 278, 725)
(199, 544, 251, 492)
1--Handshaking\1_Handshaking_Handshaking_1_275.jpg
1
(290, 676, 558, 409)
1--Handshaking\1_Handshaking_Handshaking_1_313.jpg
1
(116, 700, 223, 593)
1--Handshaking\1_Handshaking_Handshaking_1_314.jpg
0
1--Handshaking\1_Handshaking_Handshaking_1_343.jpg
6
(115, 363, 177, 301)
(94, 550, 156, 487)
(88, 162, 163, 88)
(94, 951, 156, 888)
(96, 768, 171, 693)
(211, 984, 340, 855)
1--Handshaking\1_Handshaking_Handshaking_1_35.jpg
1
(167, 613, 390, 390)
1--Handshaking\1_Handshaking_Handshaking_1_356.jpg
0
1--Handshaking\1_Handshaking_Handshaking_1_357.jpg
2
(211, 698, 340, 569)
(125, 282, 254, 153)
1--Handshaking\1_Handshaking_Handshaking_1_362.jpg
1
(0, 603, 542, 48)
1--Handshaking\1_Handshaking_Handshaking_1_380.jpg
0
1--Handshaking\1_Handshaking_Handshaking_1_411.jpg
2
(24, 411, 153, 282)
(104, 139, 211, 32)
1--Handshaking\1_Handshaking_Handshaking_1_453.jpg
0
1--Handshaking\1_Handshaking_Handshaking_1_457.jpg
1
(194, 810, 657, 348)
1--Handshaking\1_Handshaking_Handshaking_1_465.jpg
0
1--Handshaking\1_Handshaking_Handshaking_1_522.jpg
1
(68, 796, 175, 689)
1--Handshaking\1_Handshaking_Handshaking_1_567.jpg
1
(451, 605, 913, 142)
1--Handshaking\1_Handshaking_Handshaking_1_579.jpg
8
(282, 681, 318, 645)
(374, 709, 410, 673)
(306, 777, 342, 741)
(362, 113, 398, 77)
(406, 550, 458, 498)
(254, 617, 290, 581)
(310, 473, 346, 437)
(198, 265, 234, 229)
1--Handshaking\1_Handshaking_Handshaking_1_602.jpg
0
1--Handshaking\1_Handshaking_Handshaking_1_664.jpg
1
(32, 901, 84, 849)
1--Handshaking\1_Handshaking_Handshaking_1_733.jpg
2
(150, 889, 305, 734)
(221, 552, 296, 478)
1--Handshaking\1_Handshaking_Handshaking_1_762.jpg
2
(494, 769, 649, 614)
(247, 589, 632, 204)
1--Handshaking\1_Handshaking_Handshaking_1_766.jpg
1
(171, 646, 439, 379)
1--Handshaking\1_Handshaking_Handshaking_1_781.jpg
2
(217, 613, 440, 390)
(365, 910, 588, 687)
1--Handshaking\1_Handshaking_Handshaking_1_801.jpg
5
(87, 612, 149, 550)
(56, 952, 146, 862)
(53, 702, 115, 640)
(66, 128, 129, 66)
(73, 301, 135, 239)
1--Handshaking\1_Handshaking_Handshaking_1_827.jpg
1
(175, 509, 283, 402)
1--Handshaking\1_Handshaking_Handshaking_1_94.jpg
1
(290, 646, 558, 379)
4--Dancing\4_Dancing_Dancing_4_1000.jpg
1
(376, 718, 761, 332)
4--Dancing\4_Dancing_Dancing_4_1026.jpg
5
(125, 239, 254, 110)
(116, 712, 223, 605)
(163, 569, 271, 462)
(140, 903, 247, 796)
(175, 414, 283, 306)
4--Dancing\4_Dancing_Dancing_4_1028.jpg
1
(170, 562, 491, 241)
4--Dancing\4_Dancing_Dancing_4_1029.jpg
2
(96, 411, 171, 337)
(92, 641, 199, 533)
4--Dancing\4_Dancing_Dancing_4_1036.jpg
0
4--Dancing\4_Dancing_Dancing_4_1043.jpg
0
4--Dancing\4_Dancing_Dancing_4_124.jpg
0
4--Dancing\4_Dancing_Dancing_4_156.jpg
0
4--Dancing\4_Dancing_Dancing_4_162.jpg
1
(171, 498, 439, 230)
4--Dancing\4_Dancing_Dancing_4_189.jpg
0
4--Dancing\4_Dancing_Dancing_4_194.jpg
0
4--Dancing\4_Dancing_Dancing_4_21.jpg
1
(216, 792, 305, 703)
4--Dancing\4_Dancing_Dancing_4_224.jpg
2
(68, 641, 175, 533)
(80, 414, 187, 306)
4--Dancing\4_Dancing_Dancing_4_228.jpg
1
(122, 482, 166, 439)
4--Dancing\4_Dancing_Dancing_4_240.jpg
6
(177, 591, 239, 529)
(170, 170, 232, 107)
(108, 888, 170, 826)
(198, 315, 260, 252)
(135, 743, 198, 681)
(218, 460, 281, 398)
4--Dancing\4_Dancing_Dancing_4_253.jpg
2
(353, 525, 396, 482)
(130, 701, 204, 627)
4--Dancing\4_Dancing_Dancing_4_289.jpg
2
(250, 105, 286, 69)
(135, 550, 198, 487)
4--Dancing\4_Dancing_Dancing_4_319.jpg
11
(46, 377, 82, 341)
(54, 769, 90, 733)
(62, 517, 98, 481)
(0, 629, 34, 593)
(38, 585, 74, 549)
(30, 985, 66, 949)
(66, 181, 102, 145)
(78, 441, 114, 405)
(62, 721, 98, 685)
(162, 253, 198, 217)
(84, 1000, 127, 957)
4--Dancing\4_Dancing_Dancing_4_327.jpg
0
4--Dancing\4_Dancing_Dancing_4_375.jpg
1
(184, 287, 246, 225)
4--Dancing\4_Dancing_Dancing_4_378.jpg
2
(105, 851, 179, 776)
(56, 772, 146, 683)
4--Dancing\4_Dancing_Dancing_4_384.jpg
1
(182, 597, 311, 468)
4--Dancing\4_Dancing_Dancing_4_41.jpg
0
4--Dancing\4_Dancing_Dancing_4_422.jpg
0
4--Dancing\4_Dancing_Dancing_4_489.jpg
26
(113, 789, 156, 746)
(84, 655, 127, 612)
(70, 338, 113, 295)
(290, 746, 334, 703)
(132, 443, 175, 400)
(222, 648, 274, 596)
(26, 841, 62, 805)
(252, 319, 295, 275)
(90, 381, 126, 345)
(107, 717, 159, 665)
(118, 175, 170, 124)
(70, 457, 106, 421)
(70, 565, 106, 529)
(251, 227, 303, 175)
(50, 941, 86, 905)
(245, 826, 297, 775)
(113, 525, 156, 482)
(247, 439, 290, 395)
(110, 921, 146, 885)
(137, 295, 180, 252)
(234, 584, 285, 533)
(36, 732, 79, 688)
(84, 233, 136, 181)
(142, 952, 185, 909)
(113, 866, 156, 823)
(46, 793, 82, 757)
4--Dancing\4_Dancing_Dancing_4_494.jpg
1
(201, 587, 468, 319)
4--Dancing\4_Dancing_Dancing_4_514.jpg
2
(116, 474, 206, 384)
(46, 603, 136, 514)
4--Dancing\4_Dancing_Dancing_4_517.jpg
0
4--Dancing\4_Dancing_Dancing_4_53.jpg
3
(287, 643, 362, 569)
(246, 469, 320, 395)
(236, 185, 325, 96)
4--Dancing\4_Dancing_Dancing_4_57.jpg
0
4--Dancing\4_Dancing_Dancing_4_715.jpg
3
(478, 525, 514, 489)
(132, 708, 175, 664)
(446, 449, 482, 413)
4--Dancing\4_Dancing_Dancing_4_718.jpg
1
(187, 569, 295, 462)
4--Dancing\4_Dancing_Dancing_4_769.jpg
2
(130, 452, 182, 400)
(247, 506, 290, 463)
4--Dancing\4_Dancing_Dancing_4_813.jpg
2
(163, 426, 271, 318)
(92, 593, 199, 485)
4--Dancing\4_Dancing_Dancing_4_84.jpg
5
(161, 381, 204, 338)
(142, 513, 178, 477)
(176, 175, 228, 124)
(114, 881, 150, 845)
(166, 741, 209, 698)
4--Dancing\4_Dancing_Dancing_4_854.jpg
4
(235, 856, 343, 748)
(275, 454, 365, 364)
(325, 623, 415, 534)
(235, 318, 343, 211)
4--Dancing\4_Dancing_Dancing_4_878.jpg
1
(211, 569, 319, 462)
4--Dancing\4_Dancing_Dancing_4_885.jpg
1
(217, 588, 440, 365)
4--Dancing\4_Dancing_Dancing_4_915.jpg
1
(192, 687, 415, 464)
4--Dancing\4_Dancing_Dancing_4_922.jpg
1
(247, 675, 632, 290)
4--Dancing\4_Dancing_Dancing_4_960.jpg
1
(118, 588, 341, 365)
4--Dancing\4_Dancing_Dancing_4_97.jpg
0
4--Dancing\4_Dancing_Dancing_4_983.jpg
1
(99, 526, 420, 205)
20--Family_Group\20_Family_Group_Family_Group_20_100.jpg
5
(206, 772, 295, 683)
(171, 378, 246, 303)
(56, 963, 163, 856)
(163, 237, 237, 162)
(186, 583, 275, 494)
20--Family_Group\20_Family_Group_Family_Group_20_1003.jpg
4
(150, 631, 305, 476)
(116, 494, 270, 339)
(81, 356, 236, 201)
(187, 724, 295, 617)
20--Family_Group\20_Family_Group_Family_Group_20_101.jpg
15
(286, 828, 329, 784)
(82, 673, 118, 637)
(222, 256, 274, 204)
(98, 173, 134, 137)
(70, 84, 113, 40)
(303, 942, 355, 890)
(95, 884, 147, 832)
(262, 711, 314, 659)
(70, 265, 106, 229)
(31, 424, 74, 381)
(252, 602, 295, 559)
(276, 117, 319, 74)
(62, 529, 98, 493)
(84, 775, 127, 732)
(67, 1016, 118, 965)
20--Family_Group\20_Family_Group_Family_Group_20_1015.jpg
2
(295, 464, 385, 374)
(365, 593, 454, 504)
20--Family_Group\20_Family_Group_Family_Group_20_1026.jpg
6
(453, 278, 528, 204)
(253, 640, 315, 577)
(486, 536, 561, 461)
(237, 303, 312, 229)
(287, 444, 362, 370)
(254, 726, 329, 652)
20--Family_Group\20_Family_Group_Family_Group_20_1037.jpg
5
(67, 625, 118, 573)
(73, 411, 135, 349)
(182, 110, 311, 0)
(146, 225, 236, 135)
(66, 305, 156, 215)
20--Family_Group\20_Family_Group_Family_Group_20_108.jpg
5
(229, 519, 304, 444)
(87, 315, 149, 252)
(138, 892, 213, 818)
(205, 750, 267, 688)
(395, 802, 484, 713)
20--Family_Group\20_Family_Group_Family_Group_20_109.jpg
3
(46, 239, 108, 176)
(163, 361, 237, 287)
(108, 460, 170, 398)
20--Family_Group\20_Family_Group_Family_Group_20_193.jpg
2
(904, 748, 1011, 641)
(832, 438, 940, 330)
20--Family_Group\20_Family_Group_Family_Group_20_22.jpg
11
(282, 745, 318, 709)
(230, 653, 266, 617)
(270, 793, 306, 757)
(246, 341, 282, 305)
(226, 501, 262, 465)
(294, 673, 330, 637)
(290, 213, 326, 177)
(282, 281, 318, 245)
(242, 573, 278, 537)
(254, 377, 290, 341)
(250, 441, 286, 405)
20--Family_Group\20_Family_Group_Family_Group_20_227.jpg
3
(236, 442, 391, 287)
(219, 786, 374, 631)
(498, 581, 605, 474)
20--Family_Group\20_Family_Group_Family_Group_20_255.jpg
10
(433, 660, 495, 598)
(136, 567, 188, 515)
(242, 703, 286, 660)
(453, 204, 516, 142)
(426, 550, 488, 487)
(391, 951, 453, 888)
(228, 832, 280, 780)
(391, 805, 453, 743)
(310, 410, 353, 367)
(348, 247, 391, 204)
20--Family_Group\20_Family_Group_Family_Group_20_27.jpg
3
(196, 852, 285, 763)
(146, 265, 236, 175)
(163, 386, 237, 312)
20--Family_Group\20_Family_Group_Family_Group_20_272.jpg
7
(90, 705, 141, 654)
(38, 775, 90, 723)
(103, 424, 146, 381)
(61, 527, 113, 475)
(49, 596, 101, 544)
(55, 878, 107, 826)
(25, 335, 87, 273)
20--Family_Group\20_Family_Group_Family_Group_20_277.jpg
2
(193, 216, 245, 164)
(142, 319, 185, 275)
20--Family_Group\20_Family_Group_Family_Group_20_282.jpg
1
(270, 733, 306, 697)
20--Family_Group\20_Family_Group_Family_Group_20_294.jpg
14
(210, 517, 246, 481)
(182, 565, 218, 529)
(362, 681, 398, 645)
(198, 733, 234, 697)
(238, 252, 281, 208)
(278, 593, 314, 557)
(391, 175, 434, 132)
(186, 205, 222, 169)
(230, 417, 266, 381)
(310, 497, 346, 461)
(226, 313, 262, 277)
(258, 877, 294, 841)
(366, 581, 402, 545)
(254, 777, 290, 741)
20--Family_Group\20_Family_Group_Family_Group_20_318.jpg
4
(176, 255, 265, 165)
(223, 963, 331, 856)
(72, 502, 146, 428)
(301, 812, 364, 750)
20--Family_Group\20_Family_Group_Family_Group_20_326.jpg
5
(202, 893, 238, 857)
(230, 737, 266, 701)
(194, 674, 238, 631)
(226, 845, 262, 809)
(238, 377, 274, 341)
20--Family_Group\20_Family_Group_Family_Group_20_33.jpg
20
(402, 489, 438, 453)
(406, 297, 442, 261)
(410, 636, 454, 592)
(382, 592, 425, 549)
(394, 777, 430, 741)
(322, 501, 358, 465)
(310, 285, 346, 249)
(306, 465, 342, 429)
(454, 391, 497, 347)
(406, 733, 442, 697)
(334, 393, 370, 357)
(342, 253, 378, 217)
(410, 832, 454, 789)
(300, 160, 343, 117)
(342, 665, 378, 629)
(302, 201, 338, 165)
(290, 357, 326, 321)
(338, 121, 374, 85)
(338, 933, 374, 897)
(350, 861, 386, 825)
20--Family_Group\20_Family_Group_Family_Group_20_339.jpg
8
(132, 405, 175, 362)
(186, 653, 222, 617)
(174, 481, 210, 445)
(137, 285, 180, 242)
(198, 561, 234, 525)
(90, 83, 141, 31)
(166, 189, 202, 153)
(170, 733, 206, 697)
20--Family_Group\20_Family_Group_Family_Group_20_360.jpg
4
(287, 801, 362, 726)
(239, 452, 291, 400)
(320, 538, 372, 487)
(271, 602, 345, 527)
20--Family_Group\20_Family_Group_Family_Group_20_374.jpg
3
(841, 820, 1027, 634)
(455, 419, 776, 98)
(1155, 712, 1262, 605)
20--Family_Group\20_Family_Group_Family_Group_20_387.jpg
5
(689, 700, 797, 593)
(383, 411, 512, 282)
(343, 808, 450, 700)
(283, 593, 390, 485)
(486, 569, 593, 462)
20--Family_Group\20_Family_Group_Family_Group_20_411.jpg
8
(406, 268, 458, 216)
(395, 654, 447, 602)
(80, 425, 142, 363)
(418, 377, 470, 325)
(412, 815, 464, 763)
(101, 591, 163, 529)
(398, 536, 460, 474)
(88, 743, 163, 668)
20--Family_Group\20_Family_Group_Family_Group_20_412.jpg
3
(179, 478, 254, 403)
(279, 718, 354, 643)
(171, 337, 246, 262)
20--Family_Group\20_Family_Group_Family_Group_20_427.jpg
4
(94, 875, 156, 812)
(170, 412, 222, 360)
(164, 147, 216, 95)
(223, 621, 266, 578)
20--Family_Group\20_Family_Group_Family_Group_20_447.jpg
1
(546, 562, 700, 408)
20--Family_Group\20_Family_Group_Family_Group_20_453.jpg
0
20--Family_Group\20_Family_Group_Family_Group_20_483.jpg
5
(176, 434, 265, 344)
(337, 278, 412, 204)
(245, 763, 335, 673)
(265, 892, 355, 802)
(445, 204, 519, 129)
20--Family_Group\20_Family_Group_Family_Group_20_493.jpg
5
(159, 798, 211, 746)
(115, 439, 177, 377)
(153, 677, 205, 625)
(142, 290, 185, 247)
(190, 59, 233, 16)
20--Family_Group\20_Family_Group_Family_Group_20_540.jpg
21
(282, 89, 318, 53)
(230, 845, 266, 809)
(242, 165, 278, 129)
(210, 741, 246, 705)
(254, 785, 290, 749)
(270, 353, 306, 317)
(562, 177, 598, 141)
(238, 929, 274, 893)
(514, 497, 550, 461)
(494, 609, 530, 573)
(242, 289, 278, 253)
(530, 323, 574, 280)
(242, 425, 278, 389)
(214, 809, 250, 773)
(550, 33, 586, 0)
(218, 681, 254, 645)
(250, 493, 286, 457)
(346, 609, 382, 573)
(226, 537, 262, 501)
(238, 601, 274, 565)
(334, 417, 370, 381)
20--Family_Group\20_Family_Group_Family_Group_20_544.jpg
8
(72, 776, 146, 701)
(86, 643, 176, 554)
(329, 702, 391, 640)
(121, 212, 196, 137)
(138, 453, 213, 378)
(113, 909, 188, 834)
(55, 328, 130, 254)
(245, 763, 335, 673)
20--Family_Group\20_Family_Group_Family_Group_20_556.jpg
20
(262, 481, 314, 429)
(276, 669, 319, 626)
(286, 544, 329, 501)
(320, 170, 372, 118)
(262, 712, 305, 669)
(331, 319, 383, 268)
(251, 181, 303, 129)
(302, 273, 338, 237)
(367, 458, 410, 415)
(242, 228, 286, 184)
(362, 770, 406, 727)
(242, 971, 286, 928)
(497, 256, 540, 213)
(439, 645, 482, 602)
(238, 784, 281, 741)
(274, 813, 310, 777)
(266, 395, 310, 352)
(318, 381, 354, 345)
(497, 736, 540, 693)
(410, 1017, 446, 981)
20--Family_Group\20_Family_Group_Family_Group_20_579.jpg
10
(428, 552, 503, 478)
(385, 802, 474, 713)
(146, 718, 221, 643)
(138, 842, 213, 768)
(232, 633, 294, 570)
(188, 403, 262, 328)
(211, 930, 274, 868)
(179, 220, 254, 146)
(198, 515, 260, 453)
(461, 312, 536, 237)
20--Family_Group\20_Family_Group_Family_Group_20_599.jpg
4
(271, 485, 378, 378)
(486, 760, 593, 653)
(694, 287, 768, 212)
(677, 486, 752, 411)
20--Family_Group\20_Family_Group_Family_Group_20_62.jpg
22
(146, 749, 182, 713)
(138, 369, 174, 333)
(108, 151, 151, 108)
(214, 904, 257, 861)
(314, 677, 350, 641)
(130, 277, 166, 241)
(130, 653, 166, 617)
(178, 665, 214, 629)
(175, 352, 218, 309)
(223, 280, 266, 237)
(146, 449, 182, 413)
(174, 485, 210, 449)
(158, 869, 194, 833)
(170, 232, 214, 189)
(174, 573, 210, 537)
(247, 482, 290, 439)
(314, 593, 350, 557)
(390, 665, 426, 629)
(190, 799, 233, 756)
(138, 545, 174, 509)
(360, 607, 412, 556)
(206, 393, 242, 357)
20--Family_Group\20_Family_Group_Family_Group_20_636.jpg
0
20--Family_Group\20_Family_Group_Family_Group_20_64.jpg
19
(403, 685, 478, 610)
(176, 538, 228, 487)
(129, 709, 191, 646)
(36, 319, 79, 275)
(314, 222, 366, 170)
(329, 378, 403, 303)
(329, 536, 403, 461)
(336, 785, 398, 722)
(440, 232, 502, 170)
(141, 101, 193, 49)
(170, 362, 214, 319)
(503, 834, 578, 760)
(378, 71, 453, 0)
(290, 804, 334, 760)
(324, 650, 367, 607)
(233, 189, 276, 146)
(314, 942, 366, 890)
(55, 838, 107, 786)
(454, 357, 490, 321)
20--Family_Group\20_Family_Group_Family_Group_20_648.jpg
5
(512, 225, 641, 96)
(510, 426, 617, 318)
(498, 545, 605, 438)
(202, 855, 356, 700)
(319, 677, 426, 569)
20--Family_Group\20_Family_Group_Family_Group_20_663.jpg
7
(329, 583, 372, 540)
(251, 383, 303, 331)
(194, 693, 238, 650)
(193, 579, 245, 527)
(266, 818, 310, 775)
(300, 280, 343, 237)
(298, 517, 334, 481)
20--Family_Group\20_Family_Group_Family_Group_20_672.jpg
27
(276, 602, 319, 559)
(223, 232, 266, 189)
(310, 256, 353, 213)
(146, 697, 182, 661)
(348, 794, 391, 751)
(162, 469, 198, 433)
(226, 393, 262, 357)
(242, 679, 286, 636)
(308, 913, 360, 861)
(258, 341, 294, 305)
(146, 343, 190, 299)
(281, 400, 324, 357)
(290, 842, 334, 799)
(492, 146, 535, 103)
(290, 314, 334, 271)
(233, 789, 276, 746)
(218, 645, 254, 609)
(281, 732, 324, 688)
(1030, 481, 1066, 445)
(343, 626, 386, 583)
(278, 177, 314, 141)
(561, 229, 636, 154)
(274, 461, 310, 425)
(850, 885, 886, 849)
(206, 545, 242, 509)
(902, 837, 938, 801)
(492, 612, 535, 568)
20--Family_Group\20_Family_Group_Family_Group_20_696.jpg
7
(315, 354, 405, 265)
(325, 723, 415, 633)
(415, 195, 504, 106)
(335, 563, 425, 474)
(435, 474, 524, 384)
(586, 635, 660, 560)
(335, 872, 425, 782)
20--Family_Group\20_Family_Group_Family_Group_20_702.jpg
3
(254, 726, 329, 652)
(246, 353, 320, 278)
(398, 570, 460, 508)
20--Family_Group\20_Family_Group_Family_Group_20_72.jpg
6
(280, 631, 331, 579)
(223, 751, 266, 708)
(205, 371, 257, 319)
(260, 481, 322, 418)
(234, 256, 285, 204)
(163, 529, 225, 467)
20--Family_Group\20_Family_Group_Family_Group_20_730.jpg
3
(201, 324, 387, 139)
(284, 716, 469, 531)
(217, 613, 440, 390)
20--Family_Group\20_Family_Group_Family_Group_20_739.jpg
2
(239, 640, 368, 511)
(253, 528, 408, 373)
20--Family_Group\20_Family_Group_Family_Group_20_750.jpg
2
(139, 510, 325, 324)
(242, 716, 428, 531)
20--Family_Group\20_Family_Group_Family_Group_20_759.jpg
12
(124, 705, 176, 654)
(166, 261, 209, 218)
(303, 625, 355, 573)
(262, 152, 314, 101)
(232, 819, 294, 757)
(79, 405, 122, 362)
(314, 487, 358, 443)
(386, 640, 430, 597)
(107, 849, 159, 798)
(89, 544, 132, 501)
(113, 147, 164, 95)
(297, 360, 349, 308)
20--Family_Group\20_Family_Group_Family_Group_20_760.jpg
3
(156, 713, 245, 623)
(196, 536, 271, 461)
(304, 353, 378, 278)
20--Family_Group\20_Family_Group_Family_Group_20_775.jpg
3
(379, 646, 647, 379)
(613, 513, 836, 291)
(362, 181, 398, 145)
20--Family_Group\20_Family_Group_Family_Group_20_799.jpg
3
(182, 626, 311, 497)
(504, 982, 594, 892)
(641, 199, 749, 91)
20--Family_Group\20_Family_Group_Family_Group_20_835.jpg
2
(270, 217, 306, 181)
(274, 769, 310, 733)
20--Family_Group\20_Family_Group_Family_Group_20_843.jpg
5
(222, 696, 407, 510)
(717, 923, 903, 737)
(387, 324, 573, 139)
(786, 588, 1009, 365)
(1113, 734, 1268, 580)
20--Family_Group\20_Family_Group_Family_Group_20_849.jpg
2
(495, 439, 557, 377)
(528, 585, 602, 511)
20--Family_Group\20_Family_Group_Family_Group_20_87.jpg
5
(519, 262, 594, 187)
(554, 822, 644, 733)
(415, 563, 504, 474)
(524, 713, 614, 623)
(437, 403, 511, 328)
20--Family_Group\20_Family_Group_Family_Group_20_90.jpg
0
20--Family_Group\20_Family_Group_Family_Group_20_914.jpg
4
(206, 493, 242, 457)
(314, 425, 350, 389)
(230, 661, 266, 625)
(230, 625, 266, 589)
imagesTest\antenna-ohNCIiKVT1g-unsplash.jpg
11
(976, 855, 1130, 700)
(584, 2992, 673, 2902)
(970, 2016, 1099, 1887)
(903, 2780, 1089, 2595)
(544, 2584, 634, 2494)
(599, 1213, 661, 1151)
(585, 1600, 647, 1538)
(823, 1947, 912, 1857)
(813, 1644, 942, 1515)
(912, 2136, 1002, 2047)
(1093, 617, 1360, 349)
imagesTest\chuttersnap-gDDas5_ALRw-unsplash.jpg
307
(1589, 3032, 1679, 2942)
(1012, 4346, 1101, 4256)
(2535, 623, 2624, 534)
(2575, 464, 2664, 374)
(2375, 2733, 2465, 2644)
(1002, 2027, 1091, 1937)
(2953, 1539, 3042, 1449)
(1261, 4963, 1350, 4873)
(912, 5142, 1002, 5052)
(1539, 4117, 1629, 4027)
(2375, 1519, 2465, 1429)
(853, 4186, 942, 4097)
(1009, 801, 1084, 726)
(1133, 1581, 1208, 1506)
(355, 1917, 445, 1828)
(1233, 4202, 1307, 4127)
(1330, 86, 1420, 0)
(1091, 1499, 1181, 1409)
(727, 2999, 802, 2924)
(1121, 86, 1211, 0)
(1221, 3908, 1310, 3818)
(1979, 5919, 2054, 5844)
(1131, 5660, 1221, 5570)
(1599, 5351, 1689, 5261)
(2644, 1718, 2734, 1628)
(453, 4500, 528, 4426)
(934, 2825, 1009, 2750)
(375, 3390, 464, 3301)
(2843, 1200, 2933, 1111)
(1175, 3812, 1249, 3737)
(1919, 1955, 2027, 1847)
(1025, 1664, 1100, 1589)
(868, 5778, 943, 5703)
(254, 444, 329, 370)
(1261, 982, 1350, 892)
(1151, 5242, 1241, 5152)
(395, 86, 484, 0)
(1002, 3082, 1091, 2992)
(2107, 3589, 2196, 3500)
(1689, 3190, 1764, 3115)
(1042, 5102, 1131, 5013)
(3376, 5538, 3484, 5430)
(1716, 5884, 1824, 5777)
(1858, 2236, 1947, 2146)
(1531, 2982, 1606, 2908)
(2134, 569, 2242, 462)
(3122, 145, 3212, 56)
(1465, 2377, 1540, 2302)
(279, 4592, 354, 4517)
(2120, 5388, 2195, 5313)
(2349, 2432, 2457, 2325)
(1420, 2574, 1510, 2484)
(773, 1191, 863, 1101)
(1201, 1340, 1291, 1250)
(1498, 5089, 1573, 5015)
(445, 1680, 519, 1606)
(785, 3754, 860, 3679)
(2983, 5381, 3072, 5291)
(1330, 1927, 1420, 1837)
(753, 5620, 843, 5530)
(1440, 4326, 1515, 4251)
(3018, 247, 3126, 139)
(3082, 3181, 3172, 3092)
(3556, 2265, 3663, 2158)
(853, 782, 942, 693)
(337, 5852, 412, 5778)
(1858, 5749, 1947, 5660)
(1119, 3674, 1226, 3567)
(55, 4691, 130, 4616)
(1281, 4704, 1370, 4614)
(2395, 5789, 2485, 5699)
(2634, 3360, 2724, 3271)
(2385, 282, 2493, 175)
(723, 1887, 813, 1798)
(196, 3171, 285, 3082)
(1291, 1151, 1380, 1061)
(768, 2153, 843, 2078)
(967, 5935, 1042, 5861)
(1639, 315, 1729, 225)
(1249, 1722, 1324, 1647)
(3829, 5480, 3918, 5391)
(1768, 563, 1858, 474)
(574, 2116, 664, 2027)
(1559, 932, 1649, 842)
(760, 3057, 835, 2982)
(163, 668, 237, 594)
(414, 4104, 522, 3997)
(1639, 3360, 1729, 3271)
(116, 305, 206, 215)
(378, 4326, 453, 4251)
(1448, 3770, 1523, 3696)
(534, 2066, 624, 1977)
(1868, 4694, 1957, 4605)
(1778, 4744, 1868, 4654)
(76, 2315, 166, 2226)
(902, 205, 992, 116)
(3078, 1835, 3185, 1728)
(569, 1249, 644, 1174)
(2356, 195, 2445, 106)
(2421, 4749, 2528, 4642)
(1465, 4932, 1540, 4857)
(1340, 5082, 1430, 4993)
(3565, 4008, 3694, 3879)
(2137, 2295, 2226, 2206)
(2256, 733, 2346, 643)
(710, 2833, 785, 2758)
(2734, 713, 2823, 623)
(2933, 952, 3022, 862)
(594, 3540, 683, 3450)
(229, 1489, 304, 1415)
(1606, 5421, 1681, 5346)
(14, 5645, 88, 5570)
(683, 991, 773, 902)
(3102, 3854, 3209, 3746)
(425, 3569, 514, 3480)
(3269, 4104, 3376, 3997)
(3421, 454, 3510, 364)
(570, 5992, 677, 5884)
(693, 4565, 783, 4475)
(2545, 1529, 2634, 1439)
(345, 2644, 435, 2554)
(876, 4650, 951, 4575)
(2411, 3273, 2485, 3198)
(853, 623, 942, 534)
(669, 1307, 743, 1232)
(594, 4691, 669, 4616)
(1510, 6016, 1599, 5938)
(2107, 2922, 2196, 2833)
(176, 4963, 265, 4873)
(1430, 1927, 1519, 1837)
(876, 2078, 951, 2004)
(3173, 3376, 3281, 3268)
(1780, 5686, 1855, 5612)
(1656, 4741, 1730, 4666)
(0, 3679, 63, 3605)
(1720, 3655, 1772, 3603)
(2588, 5144, 2696, 5036)
(1151, 2594, 1241, 2504)
(2289, 2074, 2397, 1967)
(773, 5938, 863, 5849)
(464, 5072, 554, 4983)
(802, 469, 876, 395)
(1330, 3977, 1420, 3888)
(1764, 4952, 1871, 4845)
(2230, 1142, 2337, 1035)
(2899, 2803, 3006, 2695)
(464, 3838, 554, 3749)
(1450, 5351, 1539, 5261)
(1629, 5978, 1719, 5888)
(204, 1282, 279, 1207)
(2674, 593, 2764, 504)
(504, 3321, 594, 3231)
(550, 1911, 612, 1849)
(2664, 1549, 2754, 1459)
(3221, 972, 3311, 882)
(2037, 2375, 2127, 2285)
(66, 5082, 156, 4993)
(3102, 4618, 3209, 4511)
(669, 3240, 743, 3165)
(3570, 3330, 3659, 3241)
(1928, 2703, 2017, 2614)
(1738, 932, 1828, 842)
(524, 3450, 614, 3360)
(3185, 2755, 3293, 2647)
(76, 2902, 166, 2813)
(22, 527, 96, 453)
(2815, 5251, 2923, 5144)
(1780, 5993, 1855, 5919)
(3687, 1035, 3794, 927)
(1709, 1350, 1798, 1260)
(2584, 4973, 2674, 4883)
(594, 703, 683, 613)
(1500, 653, 1589, 563)
(2170, 3722, 2278, 3615)
(3329, 1381, 3436, 1274)
(1639, 4395, 1729, 4306)
(876, 3613, 951, 3538)
(2893, 4933, 2983, 4843)
(486, 3082, 561, 3007)
(1191, 154, 1266, 79)
(1581, 2460, 1656, 2385)
(3771, 4045, 3878, 3937)
(2994, 3579, 3102, 3471)
(126, 3002, 216, 2912)
(3823, 3292, 3952, 3163)
(3114, 4738, 3221, 4630)
(1410, 2504, 1500, 2415)
(3388, 5144, 3496, 5036)
(2576, 4104, 2684, 3997)
(534, 2733, 624, 2644)
(1659, 613, 1748, 524)
(584, 2982, 673, 2893)
(619, 4965, 694, 4890)
(2021, 461, 2095, 386)
(265, 1579, 355, 1489)
(437, 892, 511, 818)
(1529, 4804, 1619, 4714)
(474, 1569, 564, 1479)
(63, 1207, 138, 1133)
(2296, 583, 2385, 494)
(3251, 1200, 3341, 1111)
(932, 3460, 1022, 3370)
(1216, 1108, 1291, 1033)
(802, 4981, 876, 4907)
(474, 1310, 564, 1220)
(873, 4794, 962, 4704)
(279, 2476, 354, 2402)
(76, 3559, 166, 3470)
(2266, 3649, 2356, 3559)
(3651, 4929, 3759, 4821)
(1871, 2617, 1946, 2543)
(534, 4445, 624, 4356)
(972, 1957, 1062, 1867)
(586, 4152, 660, 4077)
(2206, 1274, 2313, 1166)
(2543, 2974, 2618, 2899)
(1201, 4764, 1291, 4674)
(685, 4757, 760, 4683)
(992, 4654, 1082, 4565)
(624, 4336, 713, 4246)
(2564, 951, 2672, 844)
(2704, 5421, 2794, 5331)
(602, 2526, 677, 2452)
(2051, 3304, 2158, 3197)
(435, 5670, 524, 5580)
(2176, 3321, 2266, 3231)
(3353, 1011, 3460, 903)
(1291, 2053, 1366, 1979)
(412, 876, 486, 801)
(1529, 3669, 1619, 3579)
(2784, 2327, 2859, 2253)
(345, 4177, 435, 4087)
(1470, 5670, 1559, 5580)
(2327, 3280, 2389, 3218)
(2435, 444, 2525, 354)
(604, 3918, 693, 3828)
(1380, 2823, 1470, 2733)
(2075, 3866, 2182, 3758)
(166, 593, 255, 504)
(912, 5460, 1002, 5371)
(1931, 593, 2039, 485)
(3361, 3599, 3450, 3510)
(2039, 760, 2146, 653)
(882, 1131, 972, 1041)
(3317, 1286, 3424, 1178)
(1888, 4595, 1977, 4505)
(343, 3973, 450, 3866)
(3456, 3215, 3530, 3140)
(3579, 5599, 3708, 5470)
(3202, 2952, 3291, 2863)
(3522, 2526, 3597, 2452)
(3709, 2156, 3799, 2066)
(2564, 4403, 2672, 4296)
(1075, 1108, 1150, 1033)
(1788, 1638, 1878, 1549)
(1709, 215, 1798, 126)
(3307, 4940, 3436, 4811)
(2226, 1678, 2316, 1589)
(1067, 2526, 1142, 2452)
(3448, 4773, 3556, 4666)
(1483, 3522, 1545, 3460)
(2934, 1763, 3042, 1656)
(1274, 668, 1349, 594)
(1399, 4542, 1473, 4467)
(773, 4276, 863, 4186)
(3138, 2540, 3245, 2432)
(514, 5232, 604, 5142)
(1747, 867, 1822, 793)
(1150, 2982, 1225, 2908)
(1954, 3206, 2029, 3132)
(826, 3339, 901, 3264)
(1141, 2315, 1231, 2226)
(2983, 2206, 3072, 2116)
(1480, 5570, 1569, 5480)
(1023, 378, 1131, 270)
(355, 534, 445, 444)
(1071, 1847, 1179, 1740)
(3472, 4606, 3579, 4499)
(3514, 2883, 3588, 2808)
(1131, 5301, 1221, 5212)
(1798, 4266, 1888, 4177)
(2875, 3495, 2982, 3388)
(325, 2076, 415, 1987)
(1838, 2126, 1928, 2037)
(1271, 1579, 1360, 1489)
(2953, 5480, 3042, 5391)
(3003, 713, 3092, 623)
(1963, 4459, 2037, 4384)
(1265, 250, 1316, 199)
(1042, 862, 1131, 772)
(1609, 1001, 1699, 912)
(308, 246, 370, 183)
(901, 2609, 976, 2535)
(2110, 5060, 2218, 4952)
(1928, 3072, 2017, 2982)
(1330, 4605, 1420, 4515)
(96, 3264, 171, 3190)
(511, 952, 554, 909)
(3666, 1513, 3702, 1477)
(2457, 3842, 2564, 3734)
(1191, 4973, 1266, 4898)
(922, 4953, 1012, 4863)
(3212, 4833, 3301, 4744)
(3209, 3065, 3317, 2958)
(1320, 5879, 1410, 5789)
(3235, 5212, 3364, 5083)
(1390, 5202, 1480, 5112)
imagesTest\danie-franco-WyyMwi7ZtDY-unsplash.jpg
10
(1887, 3710, 2042, 3555)
(1853, 2523, 2008, 2368)
(1853, 3263, 2008, 3108)
(1836, 5103, 1990, 4948)
(1818, 2987, 1973, 2833)
(1732, 4811, 1887, 4656)
(1870, 4105, 2025, 3951)
(1687, 1377, 1873, 1191)
(1818, 4432, 1973, 4277)
(1801, 2041, 1956, 1887)
imagesTest\eliott-reyna-jCEpN62oWL4-unsplash.jpg
3
(861, 4749, 1084, 4526)
(647, 1449, 914, 1181)
(786, 2371, 1009, 2148)
imagesTest\hassan-khan-EGVccebWodM-unsplash.jpg
1
(1539, 2863, 3924, 478)
imagesTest\jade-masri-74tlEYKgrBE-unsplash.jpg
11
(1728, 758, 1914, 572)
(2430, 1597, 2697, 1330)
(1563, 1769, 1749, 1583)
(2163, 3054, 2430, 2786)
(2347, 4129, 2570, 3907)
(1579, 2371, 1802, 2148)
(2404, 3836, 2533, 3707)
(2455, 752, 2610, 597)
(1830, 1414, 1959, 1285)
(2446, 167, 2669, 0)
(2225, 1293, 2268, 1250)
imagesTest\joel-muniz-HvZDCuRnSaY-unsplash.jpg
4
(1146, 2130, 1531, 1745)
(379, 1805, 647, 1538)
(1360, 1231, 1745, 846)
(919, 1489, 1240, 1168)
imagesTest\krists-luhaers-AtPWnYNDJnM-unsplash.jpg
63
(1216, 1697, 1291, 1622)
(1063, 3102, 1115, 3050)
(1009, 1166, 1084, 1091)
(1041, 1600, 1103, 1538)
(1172, 3287, 1234, 3225)
(799, 2152, 842, 2109)
(1092, 3620, 1144, 3568)
(890, 2551, 934, 2508)
(1165, 2485, 1228, 2423)
(1172, 3176, 1234, 3114)
(1248, 4358, 1310, 4296)
(1186, 3556, 1248, 3494)
(1082, 1350, 1171, 1260)
(965, 1531, 1027, 1469)
(1179, 3923, 1241, 3861)
(1069, 3467, 1131, 3404)
(896, 819, 958, 757)
(876, 585, 951, 511)
(1216, 2020, 1291, 1946)
(1366, 2758, 1440, 2684)
(1103, 1531, 1165, 1469)
(1027, 1427, 1089, 1365)
(838, 2618, 890, 2566)
(2430, 1315, 2616, 1129)
(909, 1282, 984, 1207)
(850, 2191, 902, 2140)
(1310, 3251, 1400, 3161)
(1373, 3681, 1435, 3619)
(1525, 1095, 1633, 987)
(1101, 1847, 1191, 1758)
(1145, 3708, 1207, 3646)
(1138, 2013, 1190, 1961)
(1262, 3612, 1324, 3549)
(852, 2306, 895, 2263)
(1048, 2948, 1110, 2886)
(1009, 1871, 1084, 1796)
(1132, 4363, 1184, 4311)
(925, 2704, 977, 2652)
(1480, 2733, 1569, 2644)
(1234, 3985, 1297, 3923)
(1330, 1599, 1420, 1509)
(1200, 2219, 1274, 2145)
(827, 944, 889, 881)
(1057, 2468, 1109, 2416)
(1046, 2301, 1098, 2249)
(804, 769, 856, 717)
(1124, 2361, 1186, 2298)
(1181, 1101, 1271, 1011)
(770, 1548, 814, 1504)
(1460, 4186, 1549, 4097)
(1271, 1300, 1400, 1171)
(1400, 922, 1490, 832)
(1370, 1947, 1460, 1857)
(1216, 1456, 1291, 1382)
(1000, 2727, 1052, 2675)
(1152, 2893, 1214, 2831)
(1316, 3522, 1390, 3447)
(1507, 3090, 1581, 3016)
(1773, 3793, 1902, 3664)
(1621, 3173, 1728, 3065)
(775, 1840, 818, 1797)
(1374, 2551, 1448, 2476)
(1349, 2244, 1424, 2170)
imagesTest\m-accelerator-zJYMJIrQYTE-unsplash.jpg
1
(348, 3936, 669, 3665)
imagesTest\michael-dam-mEZ3PoFGs_k-unsplash.jpg
1
(1380, 2402, 2530, 1252)
imagesTest\naassom-azevedo-Q_Sei-TqSlc-unsplash.jpg
6
(2471, 687, 2693, 464)
(2519, 1270, 2787, 1003)
(2446, 2495, 2669, 2272)
(2570, 1950, 2793, 1727)
(2489, 3143, 2757, 2875)
(1310, 145, 1346, 109)
imagesTest\nicholas-green-nPz8akkUmDI-unsplash.jpg
13
(1360, 4398, 1745, 4013)
(1713, 1712, 2267, 1157)
(1897, 3869, 2452, 3314)
(1232, 5120, 1455, 4897)
(1963, 5950, 3343, 4570)
(1271, 2697, 1538, 2429)
(1152, 1657, 1420, 1389)
(354, 5829, 483, 5700)
(821, 5894, 976, 5739)
(1360, 1274, 1745, 889)
(885, 5739, 1108, 5516)
(1169, 3629, 1490, 3308)
(913, 2704, 1042, 2575)
imagesTest\product-school--GajrOEN6m4-unsplash.jpg
6
(1574, 1787, 1959, 1402)
(1838, 656, 2300, 194)
(1632, 2452, 1953, 2131)
(1454, 1133, 1775, 812)
(1254, 1872, 1439, 1687)
(1439, 3792, 1625, 3606)
imagesTest\product-school-V8KOZEUTx9E-unsplash.jpg
6
(1584, 3049, 1770, 2863)
(1745, 4398, 2130, 4013)
(1404, 5471, 1959, 4917)
(1490, 3344, 1811, 3023)
(1632, 455, 1953, 134)
(1598, 1360, 1865, 1092)
imagesTest\quaritsch-photography-62AUD-Uwv98-unsplash.jpg
4
(1669, 772, 1758, 683)
(1629, 2902, 1719, 2813)
(1615, 3349, 1744, 3220)
(1682, 424, 1726, 381)
imagesTest\redd-f-oqVT4J_ps0Y-unsplash.jpg
12
(1179, 2575, 1241, 2513)
(1208, 925, 1283, 851)
(1117, 1315, 1191, 1241)
(1179, 1745, 1241, 1683)
(1133, 1979, 1208, 1904)
(1117, 229, 1191, 154)
(1175, 1896, 1249, 1821)
(1241, 3190, 1304, 3128)
(1138, 453, 1200, 391)
(1179, 3584, 1241, 3522)
(1253, 3487, 1305, 3436)
(1201, 2140, 1253, 2088)
imagesTest\susan-g-komen-3-day-wdVwF3Ese4o-unsplash.jpg
3
(692, 4330, 1491, 3531)
(724, 2214, 1682, 1256)
(724, 3492, 1682, 2534)
imagesTest\wes-lewis-zt6OxRORM2g-unsplash.jpg
10
(741, 3058, 1062, 2737)
(776, 1097, 1097, 776)
(776, 2238, 1097, 1917)
(761, 3499, 1146, 3114)
(1221, 3994, 1684, 3532)
(675, 5184, 1060, 4826)
(1146, 4441, 1531, 4056)
(613, 2842, 836, 2619)
(2021, 4547, 2575, 3992)
(464, 4278, 687, 4055)
imagesTest\zahir-namane-hwc7eIQiTCE-unsplash.jpg
1
(2055, 3090, 2721, 2425)
