0--Parade\0_Parade_marchingband_1_1004.jpg
1
(120, 559, 134, 134)

0--Parade\0_Parade_marchingband_1_104.jpg
3
(1, 384, 26, 26)
(592, 397, 46, 46)
(376, 568, 44, 44)

0--Parade\0_Parade_marchingband_1_1045.jpg
0

0--Parade\0_Parade_marchingband_1_139.jpg
6
(291, 468, 52, 52)
(400, 239, 73, 73)
(841, 77, 97, 97)
(484, 499, 101, 101)
(359, 286, 152, 152)
(372, 100, 91, 91)

0--Parade\0_Parade_marchingband_1_147.jpg
1
(911, 189, 46, 46)

0--Parade\0_Parade_marchingband_1_149.jpg
14
(528, 218, 42, 42)
(366, 376, 47, 47)
(210, 228, 39, 39)
(430, 265, 38, 38)
(599, 319, 40, 40)
(538, 301, 30, 30)
(437, 368, 49, 49)
(277, 383, 44, 44)
(668, 311, 45, 45)
(231, 262, 44, 44)
(597, 236, 36, 36)
(660, 229, 43, 43)
(804, 233, 45, 45)
(462, 299, 42, 42)

0--Parade\0_Parade_marchingband_1_156.jpg
2
(33, 464, 54, 54)
(633, 362, 51, 51)

0--Parade\0_Parade_marchingband_1_172.jpg
1
(678, 222, 28, 28)

0--Parade\0_Parade_marchingband_1_188.jpg
0

0--Parade\0_Parade_marchingband_1_20.jpg
1
(21, 398, 41, 41)

0--Parade\0_Parade_marchingband_1_227.jpg
4
(471, 148, 52, 52)
(438, 130, 52, 52)
(784, 203, 81, 81)
(533, 24, 34, 34)

0--Parade\0_Parade_marchingband_1_234.jpg
3
(305, 312, 23, 23)
(177, 278, 80, 80)
(480, 317, 57, 57)

0--Parade\0_Parade_marchingband_1_267.jpg
4
(505, 193, 30, 30)
(551, 456, 40, 40)
(465, 215, 46, 46)
(353, 233, 35, 35)

0--Parade\0_Parade_marchingband_1_309.jpg
1
(286, 78, 56, 56)

0--Parade\0_Parade_marchingband_1_311.jpg
1
(534, 336, 34, 34)

0--Parade\0_Parade_marchingband_1_329.jpg
7
(567, 335, 24, 24)
(632, 425, 30, 30)
(836, 324, 28, 28)
(512, 126, 60, 60)
(555, 447, 56, 56)
(508, 451, 52, 52)
(615, 447, 66, 66)

0--Parade\0_Parade_marchingband_1_353.jpg
1
(645, 547, 90, 90)

0--Parade\0_Parade_marchingband_1_355.jpg
5
(551, 78, 54, 54)
(806, 172, 47, 47)
(676, 93, 66, 66)
(877, 100, 47, 47)
(445, 103, 46, 46)

0--Parade\0_Parade_marchingband_1_356.jpg
0

0--Parade\0_Parade_marchingband_1_359.jpg
4
(159, 162, 54, 54)
(728, 104, 82, 82)
(607, 184, 29, 29)
(476, 189, 29, 29)

0--Parade\0_Parade_marchingband_1_360.jpg
2
(474, 98, 64, 64)
(191, 232, 74, 74)

0--Parade\0_Parade_marchingband_1_379.jpg
1
(638, 502, 67, 67)

0--Parade\0_Parade_marchingband_1_382.jpg
3
(927, 70, 33, 33)
(485, 160, 44, 44)
(341, 96, 46, 46)

0--Parade\0_Parade_marchingband_1_404.jpg
1
(419, 487, 82, 82)

0--Parade\0_Parade_marchingband_1_410.jpg
14
(12, 499, 29, 29)
(173, 493, 27, 27)
(306, 478, 34, 34)
(378, 478, 38, 38)
(212, 476, 39, 39)
(453, 482, 43, 43)
(865, 446, 49, 49)
(554, 463, 43, 43)
(375, 555, 43, 43)
(683, 479, 49, 49)
(791, 290, 47, 47)
(402, 270, 67, 67)
(368, 234, 33, 33)
(204, 541, 43, 43)

0--Parade\0_Parade_marchingband_1_439.jpg
1
(513, 640, 105, 105)

0--Parade\0_Parade_marchingband_1_445.jpg
3
(183, 411, 45, 45)
(516, 319, 67, 67)
(625, 221, 37, 37)

0--Parade\0_Parade_marchingband_1_465.jpg
3
(928, 263, 22, 22)
(262, 223, 26, 26)
(617, 125, 43, 43)

0--Parade\0_Parade_marchingband_1_476.jpg
12
(580, 90, 21, 21)
(584, 164, 43, 43)
(379, 218, 36, 36)
(348, 221, 31, 31)
(848, 96, 49, 49)
(787, 122, 56, 56)
(305, 212, 35, 35)
(443, 215, 45, 45)
(664, 149, 54, 54)
(729, 166, 80, 80)
(602, 195, 58, 58)
(427, 188, 29, 29)

0--Parade\0_Parade_marchingband_1_488.jpg
4
(506, 400, 27, 27)
(138, 185, 48, 48)
(115, 180, 51, 51)
(318, 230, 54, 54)

0--Parade\0_Parade_marchingband_1_490.jpg
6
(203, 323, 21, 21)
(122, 397, 22, 22)
(214, 393, 24, 24)
(326, 326, 23, 23)
(120, 351, 23, 23)
(76, 359, 21, 21)

0--Parade\0_Parade_marchingband_1_517.jpg
5
(248, 437, 43, 43)
(4, 80, 123, 123)
(3, 387, 78, 78)
(541, 485, 28, 28)
(15, 400, 50, 50)

0--Parade\0_Parade_marchingband_1_525.jpg
2
(631, 478, 55, 55)
(639, 122, 184, 184)

0--Parade\0_Parade_marchingband_1_552.jpg
0

0--Parade\0_Parade_marchingband_1_556.jpg
5
(556, 250, 29, 29)
(278, 265, 30, 30)
(492, 277, 45, 45)
(354, 254, 30, 30)
(967, 253, 41, 41)

0--Parade\0_Parade_marchingband_1_561.jpg
4
(552, 873, 287, 287)
(252, 1274, 39, 39)
(413, 1341, 57, 57)
(432, 1119, 47, 47)

0--Parade\0_Parade_marchingband_1_593.jpg
1
(173, 392, 40, 40)

0--Parade\0_Parade_marchingband_1_606.jpg
11
(615, 190, 36, 36)
(9, 206, 30, 30)
(127, 206, 37, 37)
(251, 131, 50, 50)
(478, 124, 55, 55)
(39, 149, 50, 50)
(887, 315, 60, 60)
(55, 194, 84, 84)
(188, 240, 25, 25)
(426, 174, 38, 38)
(699, 166, 44, 44)

0--Parade\0_Parade_marchingband_1_620.jpg
3
(803, 410, 42, 42)
(115, 272, 30, 30)
(917, 322, 37, 37)

0--Parade\0_Parade_marchingband_1_629.jpg
6
(504, 363, 23, 23)
(558, 365, 22, 22)
(606, 367, 22, 22)
(389, 357, 21, 21)
(422, 358, 21, 21)
(459, 355, 22, 22)

0--Parade\0_Parade_marchingband_1_649.jpg
19
(251, 141, 38, 38)
(546, 75, 56, 56)
(695, 285, 59, 59)
(130, 245, 43, 43)
(968, 147, 48, 48)
(855, 145, 49, 49)
(791, 277, 58, 58)
(128, 95, 106, 106)
(649, 142, 48, 48)
(177, 277, 59, 59)
(25, 195, 52, 52)
(240, 182, 59, 59)
(290, 279, 66, 66)
(889, 315, 59, 59)
(930, 200, 59, 59)
(7, 124, 41, 41)
(50, 113, 48, 48)
(118, 215, 77, 77)
(904, 174, 35, 35)

0--Parade\0_Parade_marchingband_1_653.jpg
0

0--Parade\0_Parade_marchingband_1_695.jpg
2
(556, 80, 88, 88)
(500, 197, 84, 84)

0--Parade\0_Parade_marchingband_1_710.jpg
1
(469, 123, 70, 70)

0--Parade\0_Parade_marchingband_1_74.jpg
3
(779, 382, 23, 23)
(768, 239, 45, 45)
(186, 356, 54, 54)

0--Parade\0_Parade_marchingband_1_746.jpg
2
(515, 331, 92, 92)
(999, 176, 23, 23)

0--Parade\0_Parade_marchingband_1_759.jpg
14
(217, 13, 41, 41)
(79, 11, 58, 58)
(182, 4, 51, 51)
(304, 14, 61, 61)
(498, 135, 58, 58)
(369, 19, 63, 63)
(138, 145, 64, 64)
(170, 472, 67, 67)
(336, 116, 72, 72)
(8, 31, 48, 48)
(144, 46, 53, 53)
(49, 37, 51, 51)
(483, 185, 100, 100)
(222, 506, 61, 61)

0--Parade\0_Parade_marchingband_1_765.jpg
4
(369, 368, 24, 24)
(247, 368, 25, 25)
(427, 371, 26, 26)
(892, 265, 21, 21)

0--Parade\0_Parade_marchingband_1_768.jpg
1
(368, 551, 30, 30)

0--Parade\0_Parade_marchingband_1_78.jpg
0

0--Parade\0_Parade_marchingband_1_818.jpg
2
(649, 1183, 58, 58)
(660, 673, 74, 74)

0--Parade\0_Parade_marchingband_1_822.jpg
2
(870, 172, 59, 59)
(754, 94, 44, 44)

0--Parade\0_Parade_marchingband_1_869.jpg
2
(858, 555, 98, 98)
(710, 570, 71, 71)

0--Parade\0_Parade_marchingband_1_881.jpg
0

0--Parade\0_Parade_marchingband_1_910.jpg
2
(208, 201, 55, 55)
(849, 329, 53, 53)

0--Parade\0_Parade_marchingband_1_932.jpg
0

0--Parade\0_Parade_Parade_0_102.jpg
5
(584, 526, 23, 23)
(186, 534, 25, 25)
(77, 535, 29, 29)
(44, 310, 62, 62)
(484, 655, 54, 54)

0--Parade\0_Parade_Parade_0_12.jpg
4
(182, 202, 32, 32)
(917, 147, 28, 28)
(84, 341, 43, 43)
(824, 107, 56, 56)

0--Parade\0_Parade_Parade_0_120.jpg
3
(626, 316, 22, 22)
(493, 313, 25, 25)
(104, 294, 65, 65)

0--Parade\0_Parade_Parade_0_125.jpg
1
(511, 335, 44, 44)

0--Parade\0_Parade_Parade_0_137.jpg
4
(658, 485, 25, 25)
(960, 485, 26, 26)
(710, 446, 25, 25)
(700, 345, 36, 36)

0--Parade\0_Parade_Parade_0_164.jpg
2
(887, 502, 46, 46)
(883, 552, 51, 51)

0--Parade\0_Parade_Parade_0_194.jpg
1
(681, 238, 121, 121)

0--Parade\0_Parade_Parade_0_205.jpg
0

0--Parade\0_Parade_Parade_0_218.jpg
2
(740, 381, 46, 46)
(146, 255, 44, 44)

0--Parade\0_Parade_Parade_0_239.jpg
6
(268, 298, 40, 40)
(503, 374, 40, 40)
(399, 283, 42, 42)
(873, 313, 62, 62)
(190, 122, 108, 108)
(894, 273, 52, 52)

0--Parade\0_Parade_Parade_0_246.jpg
0

0--Parade\0_Parade_Parade_0_247.jpg
1
(783, 322, 49, 49)

0--Parade\0_Parade_Parade_0_266.jpg
1
(945, 331, 45, 45)

0--Parade\0_Parade_Parade_0_275.jpg
1
(462, 299, 44, 44)

0--Parade\0_Parade_Parade_0_286.jpg
0

0--Parade\0_Parade_Parade_0_288.jpg
1
(504, 208, 22, 22)

0--Parade\0_Parade_Parade_0_29.jpg
2
(289, 382, 61, 61)
(918, 165, 46, 46)

0--Parade\0_Parade_Parade_0_317.jpg
0

0--Parade\0_Parade_Parade_0_353.jpg
4
(285, 285, 23, 23)
(835, 261, 30, 30)
(485, 232, 44, 44)
(379, 250, 42, 42)

0--Parade\0_Parade_Parade_0_364.jpg
3
(805, 169, 76, 76)
(581, 123, 107, 107)
(672, 118, 80, 80)

0--Parade\0_Parade_Parade_0_376.jpg
0

0--Parade\0_Parade_Parade_0_377.jpg
4
(972, 335, 32, 32)
(199, 506, 46, 46)
(231, 396, 47, 47)
(260, 502, 90, 90)

0--Parade\0_Parade_Parade_0_382.jpg
3
(586, 133, 52, 52)
(556, 353, 91, 91)
(609, 363, 96, 96)

0--Parade\0_Parade_Parade_0_429.jpg
3
(10, 93, 45, 45)
(626, 250, 103, 103)
(325, 188, 66, 66)

0--Parade\0_Parade_Parade_0_43.jpg
9
(152, 701, 21, 21)
(647, 344, 36, 36)
(317, 385, 39, 39)
(486, 220, 27, 27)
(435, 284, 30, 30)
(407, 204, 69, 69)
(235, 363, 47, 47)
(386, 332, 92, 92)
(429, 437, 44, 44)

0--Parade\0_Parade_Parade_0_443.jpg
4
(106, 328, 28, 28)
(551, 218, 60, 60)
(391, 419, 53, 53)
(307, 181, 48, 48)

0--Parade\0_Parade_Parade_0_459.jpg
1
(170, 791, 196, 196)

0--Parade\0_Parade_Parade_0_461.jpg
2
(164, 233, 32, 32)
(459, 82, 246, 246)

0--Parade\0_Parade_Parade_0_465.jpg
2
(325, 589, 170, 170)
(498, 105, 164, 164)

0--Parade\0_Parade_Parade_0_468.jpg
3
(884, 1417, 75, 75)
(702, 195, 46, 46)
(207, 1248, 81, 81)

0--Parade\0_Parade_Parade_0_470.jpg
7
(384, 566, 44, 44)
(583, 232, 115, 115)
(472, 141, 70, 70)
(180, 418, 71, 71)
(743, 638, 64, 64)
(893, 161, 89, 89)
(416, 445, 182, 182)

0--Parade\0_Parade_Parade_0_472.jpg
0

0--Parade\0_Parade_Parade_0_478.jpg
3
(838, 472, 24, 24)
(719, 546, 50, 50)
(173, 511, 53, 53)

0--Parade\0_Parade_Parade_0_490.jpg
18
(926, 2, 33, 33)
(753, 79, 49, 49)
(268, 168, 58, 58)
(95, 176, 69, 69)
(124, 264, 62, 62)
(230, 314, 78, 78)
(582, 275, 68, 68)
(472, 326, 69, 69)
(369, 342, 85, 85)
(166, 196, 62, 62)
(882, 366, 98, 98)
(853, 34, 23, 23)
(746, 304, 104, 104)
(443, 65, 36, 36)
(270, 77, 34, 34)
(494, 148, 49, 49)
(738, 148, 53, 53)
(516, 213, 58, 58)

0--Parade\0_Parade_Parade_0_502.jpg
1
(850, 360, 42, 42)

0--Parade\0_Parade_Parade_0_519.jpg
2
(654, 302, 61, 61)
(630, 402, 95, 95)

0--Parade\0_Parade_Parade_0_53.jpg
1
(281, 173, 44, 44)

0--Parade\0_Parade_Parade_0_545.jpg
1
(543, 589, 102, 102)

0--Parade\0_Parade_Parade_0_559.jpg
2
(300, 196, 27, 27)
(153, 318, 62, 62)

0--Parade\0_Parade_Parade_0_611.jpg
2
(915, 222, 23, 23)
(509, 329, 69, 69)

0--Parade\0_Parade_Parade_0_616.jpg
3
(680, 144, 70, 70)
(276, 137, 78, 78)
(29, 531, 60, 60)

0--Parade\0_Parade_Parade_0_628.jpg
0

0--Parade\0_Parade_Parade_0_639.jpg
5
(862, 458, 22, 22)
(711, 74, 39, 39)
(428, 410, 60, 60)
(464, 176, 48, 48)
(262, 190, 53, 53)

0--Parade\0_Parade_Parade_0_664.jpg
3
(193, 290, 23, 23)
(205, 309, 40, 40)
(375, 307, 43, 43)

0--Parade\0_Parade_Parade_0_68.jpg
0

0--Parade\0_Parade_Parade_0_688.jpg
2
(267, 518, 46, 46)
(150, 580, 45, 45)

0--Parade\0_Parade_Parade_0_72.jpg
2
(617, 363, 45, 45)
(445, 396, 44, 44)

0--Parade\0_Parade_Parade_0_757.jpg
2
(783, 374, 22, 22)
(877, 571, 57, 57)

0--Parade\0_Parade_Parade_0_814.jpg
6
(953, 552, 25, 25)
(900, 583, 87, 87)
(264, 537, 41, 41)
(916, 323, 44, 44)
(877, 539, 50, 50)
(469, 369, 22, 22)

0--Parade\0_Parade_Parade_0_829.jpg
3
(23, 1069, 49, 49)
(739, 638, 63, 63)
(762, 470, 61, 61)

0--Parade\0_Parade_Parade_0_850.jpg
1
(952, 272, 62, 62)

0--Parade\0_Parade_Parade_0_854.jpg
3
(162, 728, 26, 26)
(953, 156, 50, 50)
(526, 259, 52, 52)

0--Parade\0_Parade_Parade_0_873.jpg
31
(620, 333, 28, 28)
(898, 377, 32, 32)
(498, 319, 25, 25)
(369, 321, 28, 28)
(803, 348, 34, 34)
(184, 355, 29, 29)
(926, 292, 40, 40)
(579, 342, 32, 32)
(766, 353, 38, 38)
(740, 310, 34, 34)
(392, 316, 47, 47)
(524, 351, 43, 43)
(624, 360, 38, 38)
(74, 366, 39, 39)
(273, 369, 36, 36)
(506, 368, 33, 33)
(706, 400, 52, 52)
(848, 322, 38, 38)
(440, 365, 43, 43)
(4, 354, 43, 43)
(444, 395, 44, 44)
(720, 490, 56, 56)
(146, 403, 49, 49)
(810, 502, 86, 86)
(924, 397, 62, 62)
(770, 412, 51, 51)
(595, 485, 74, 74)
(811, 309, 46, 46)
(209, 308, 25, 25)
(948, 337, 51, 51)
(477, 307, 29, 29)

0--Parade\0_Parade_Parade_0_887.jpg
5
(389, 469, 50, 50)
(721, 315, 84, 84)
(501, 325, 86, 86)
(732, 344, 65, 65)
(167, 366, 78, 78)

0--Parade\0_Parade_Parade_0_901.jpg
1
(278, 672, 222, 222)

0--Parade\0_Parade_Parade_0_906.jpg
4
(572, 274, 86, 86)
(451, 260, 127, 127)
(642, 229, 170, 170)
(882, 504, 71, 71)

0--Parade\0_Parade_Parade_0_913.jpg
3
(208, 118, 300, 300)
(9, 103, 111, 111)
(768, 570, 58, 58)

0--Parade\0_Parade_Parade_0_917.jpg
0

0--Parade\0_Parade_Parade_0_960.jpg
4
(233, 12, 111, 111)
(698, 227, 105, 105)
(137, 218, 101, 101)
(874, 192, 103, 103)

1--Handshaking\1_Handshaking_Handshaking_1_107.jpg
0

1--Handshaking\1_Handshaking_Handshaking_1_134.jpg
3
(951, 315, 43, 43)
(652, 47, 160, 160)
(426, 266, 29, 29)

1--Handshaking\1_Handshaking_Handshaking_1_158.jpg
2
(133, 376, 48, 48)
(712, 183, 44, 44)

1--Handshaking\1_Handshaking_Handshaking_1_209.jpg
1
(602, 74, 107, 107)

1--Handshaking\1_Handshaking_Handshaking_1_236.jpg
3
(919, 230, 31, 31)
(492, 181, 81, 81)
(729, 235, 45, 45)

1--Handshaking\1_Handshaking_Handshaking_1_275.jpg
3
(782, 1409, 100, 100)
(331, 200, 363, 363)
(259, 660, 43, 43)

1--Handshaking\1_Handshaking_Handshaking_1_313.jpg
1
(611, 102, 128, 128)

1--Handshaking\1_Handshaking_Handshaking_1_314.jpg
0

1--Handshaking\1_Handshaking_Handshaking_1_343.jpg
8
(103, 76, 83, 83)
(902, 90, 56, 56)
(490, 69, 89, 89)
(327, 416, 54, 54)
(295, 92, 92, 92)
(125, 411, 120, 120)
(34, 476, 110, 110)
(501, 104, 61, 61)

1--Handshaking\1_Handshaking_Handshaking_1_35.jpg
5
(390, 98, 322, 322)
(717, 1190, 44, 44)
(714, 1224, 43, 43)
(713, 1240, 43, 43)
(716, 1206, 44, 44)

1--Handshaking\1_Handshaking_Handshaking_1_356.jpg
0

1--Handshaking\1_Handshaking_Handshaking_1_357.jpg
2
(145, 99, 167, 167)
(628, 221, 90, 90)

1--Handshaking\1_Handshaking_Handshaking_1_362.jpg
0

1--Handshaking\1_Handshaking_Handshaking_1_380.jpg
0

1--Handshaking\1_Handshaking_Handshaking_1_411.jpg
0

1--Handshaking\1_Handshaking_Handshaking_1_453.jpg
0

1--Handshaking\1_Handshaking_Handshaking_1_457.jpg
0

1--Handshaking\1_Handshaking_Handshaking_1_465.jpg
1
(206, 435, 172, 172)

1--Handshaking\1_Handshaking_Handshaking_1_522.jpg
2
(685, 31, 147, 147)
(649, 383, 133, 133)

1--Handshaking\1_Handshaking_Handshaking_1_567.jpg
1
(102, 264, 712, 712)

1--Handshaking\1_Handshaking_Handshaking_1_579.jpg
12
(140, 83, 22, 22)
(907, 146, 24, 24)
(152, 203, 30, 30)
(881, 139, 31, 31)
(493, 195, 38, 38)
(875, 269, 48, 48)
(785, 410, 46, 46)
(932, 422, 53, 53)
(961, 184, 46, 46)
(645, 274, 49, 49)
(894, 172, 30, 30)
(668, 358, 57, 57)

1--Handshaking\1_Handshaking_Handshaking_1_602.jpg
0

1--Handshaking\1_Handshaking_Handshaking_1_664.jpg
0

1--Handshaking\1_Handshaking_Handshaking_1_733.jpg
1
(752, 117, 204, 204)

1--Handshaking\1_Handshaking_Handshaking_1_762.jpg
2
(623, 446, 210, 210)
(282, 849, 24, 24)

1--Handshaking\1_Handshaking_Handshaking_1_766.jpg
0

1--Handshaking\1_Handshaking_Handshaking_1_781.jpg
2
(531, 1110, 23, 23)
(759, 377, 171, 171)

1--Handshaking\1_Handshaking_Handshaking_1_801.jpg
5
(254, 150, 48, 48)
(77, 57, 71, 71)
(412, 13, 77, 77)
(553, 68, 85, 85)
(855, 27, 141, 141)

1--Handshaking\1_Handshaking_Handshaking_1_827.jpg
1
(736, 136, 137, 137)

1--Handshaking\1_Handshaking_Handshaking_1_94.jpg
3
(62, 626, 254, 254)
(937, 1131, 45, 45)
(946, 1311, 60, 60)

4--Dancing\4_Dancing_Dancing_4_1000.jpg
0

4--Dancing\4_Dancing_Dancing_4_1026.jpg
9
(336, 351, 40, 40)
(716, 677, 25, 25)
(238, 694, 26, 26)
(19, 396, 122, 122)
(808, 116, 143, 143)
(489, 147, 110, 110)
(170, 325, 50, 50)
(603, 82, 148, 148)
(649, 125, 66, 66)

4--Dancing\4_Dancing_Dancing_4_1028.jpg
2
(277, 132, 365, 365)
(131, 755, 94, 94)

4--Dancing\4_Dancing_Dancing_4_1029.jpg
2
(212, 566, 159, 159)
(534, 58, 169, 169)

4--Dancing\4_Dancing_Dancing_4_1036.jpg
1
(587, 74, 187, 187)

4--Dancing\4_Dancing_Dancing_4_1043.jpg
1
(801, 335, 106, 106)

4--Dancing\4_Dancing_Dancing_4_124.jpg
0

4--Dancing\4_Dancing_Dancing_4_156.jpg
3
(925, 21, 50, 50)
(389, 343, 62, 62)
(148, 5, 65, 65)

4--Dancing\4_Dancing_Dancing_4_162.jpg
2
(455, 190, 45, 45)
(275, 121, 260, 260)

4--Dancing\4_Dancing_Dancing_4_189.jpg
2
(639, 496, 78, 78)
(737, 257, 99, 99)

4--Dancing\4_Dancing_Dancing_4_194.jpg
0

4--Dancing\4_Dancing_Dancing_4_21.jpg
2
(718, 204, 93, 93)
(686, 182, 136, 136)

4--Dancing\4_Dancing_Dancing_4_224.jpg
2
(479, 50, 119, 119)
(475, 323, 168, 168)

4--Dancing\4_Dancing_Dancing_4_228.jpg
2
(275, 158, 48, 48)
(444, 117, 51, 51)

4--Dancing\4_Dancing_Dancing_4_240.jpg
8
(668, 418, 44, 44)
(541, 164, 68, 68)
(679, 113, 84, 84)
(836, 95, 76, 76)
(622, 374, 69, 69)
(103, 153, 76, 76)
(425, 216, 121, 121)
(674, 466, 24, 24)

4--Dancing\4_Dancing_Dancing_4_253.jpg
4
(488, 346, 51, 51)
(656, 149, 59, 59)
(645, 120, 77, 77)
(527, 229, 76, 76)

4--Dancing\4_Dancing_Dancing_4_289.jpg
0

4--Dancing\4_Dancing_Dancing_4_319.jpg
3
(209, 315, 23, 23)
(448, 141, 31, 31)
(142, 59, 44, 44)

4--Dancing\4_Dancing_Dancing_4_327.jpg
0

4--Dancing\4_Dancing_Dancing_4_375.jpg
2
(568, 403, 140, 140)
(900, 523, 43, 43)

4--Dancing\4_Dancing_Dancing_4_378.jpg
1
(883, 600, 56, 56)

4--Dancing\4_Dancing_Dancing_4_384.jpg
0

4--Dancing\4_Dancing_Dancing_4_41.jpg
0

4--Dancing\4_Dancing_Dancing_4_422.jpg
0

4--Dancing\4_Dancing_Dancing_4_489.jpg
18
(899, 0, 23, 23)
(938, 10, 26, 26)
(531, 58, 51, 51)
(826, 105, 59, 59)
(743, 102, 59, 59)
(801, 10, 64, 64)
(700, 277, 65, 65)
(685, 20, 63, 63)
(535, 227, 65, 65)
(397, 302, 83, 83)
(181, 236, 62, 62)
(775, 233, 67, 67)
(665, 93, 68, 68)
(604, 210, 60, 60)
(345, 75, 57, 57)
(906, 41, 50, 50)
(916, 135, 55, 55)
(616, 76, 55, 55)

4--Dancing\4_Dancing_Dancing_4_494.jpg
4
(365, 159, 311, 311)
(743, 553, 155, 155)
(76, 846, 212, 212)
(474, 1024, 126, 126)

4--Dancing\4_Dancing_Dancing_4_514.jpg
2
(390, 330, 98, 98)
(944, 682, 44, 44)

4--Dancing\4_Dancing_Dancing_4_517.jpg
0

4--Dancing\4_Dancing_Dancing_4_53.jpg
2
(133, 275, 43, 43)
(550, 203, 180, 180)

4--Dancing\4_Dancing_Dancing_4_57.jpg
0

4--Dancing\4_Dancing_Dancing_4_715.jpg
3
(491, 466, 47, 47)
(625, 450, 47, 47)
(514, 531, 90, 90)

4--Dancing\4_Dancing_Dancing_4_718.jpg
2
(760, 825, 127, 127)
(452, 83, 46, 46)

4--Dancing\4_Dancing_Dancing_4_769.jpg
2
(899, 146, 44, 44)
(439, 491, 48, 48)

4--Dancing\4_Dancing_Dancing_4_813.jpg
1
(252, 280, 187, 187)

4--Dancing\4_Dancing_Dancing_4_84.jpg
9
(490, 332, 43, 43)
(480, 132, 48, 48)
(563, 413, 60, 60)
(702, 157, 52, 52)
(341, 150, 58, 58)
(846, 103, 57, 57)
(526, 195, 48, 48)
(130, 171, 60, 60)
(133, 318, 55, 55)

4--Dancing\4_Dancing_Dancing_4_854.jpg
5
(223, 372, 36, 36)
(741, 189, 162, 162)
(401, 276, 58, 58)
(546, 296, 117, 117)
(260, 250, 50, 50)

4--Dancing\4_Dancing_Dancing_4_878.jpg
1
(730, 969, 66, 66)

4--Dancing\4_Dancing_Dancing_4_885.jpg
1
(356, 145, 310, 310)

4--Dancing\4_Dancing_Dancing_4_915.jpg
1
(452, 461, 180, 180)

4--Dancing\4_Dancing_Dancing_4_922.jpg
1
(213, 124, 571, 571)

4--Dancing\4_Dancing_Dancing_4_960.jpg
1
(438, 190, 178, 178)

4--Dancing\4_Dancing_Dancing_4_97.jpg
1
(240, 304, 34, 34)

4--Dancing\4_Dancing_Dancing_4_983.jpg
1
(216, 38, 442, 442)

20--Family_Group\20_Family_Group_Family_Group_20_100.jpg
5
(863, 32, 144, 144)
(165, 150, 90, 90)
(331, 171, 56, 56)
(694, 192, 98, 98)
(509, 178, 83, 83)

20--Family_Group\20_Family_Group_Family_Group_20_1003.jpg
1
(453, 100, 222, 222)

20--Family_Group\20_Family_Group_Family_Group_20_101.jpg
1
(563, 242, 48, 48)

20--Family_Group\20_Family_Group_Family_Group_20_1015.jpg
1
(212, 350, 48, 48)

20--Family_Group\20_Family_Group_Family_Group_20_1026.jpg
5
(206, 916, 78, 78)
(578, 235, 91, 91)
(651, 223, 126, 126)
(460, 471, 106, 106)
(161, 448, 76, 76)

20--Family_Group\20_Family_Group_Family_Group_20_1037.jpg
2
(588, 58, 55, 55)
(358, 61, 71, 71)

20--Family_Group\20_Family_Group_Family_Group_20_108.jpg
7
(278, 78, 62, 62)
(717, 376, 119, 119)
(92, 311, 131, 131)
(686, 184, 93, 93)
(452, 217, 93, 93)
(626, 460, 35, 35)
(819, 120, 91, 91)

20--Family_Group\20_Family_Group_Family_Group_20_109.jpg
1
(245, 504, 88, 88)

20--Family_Group\20_Family_Group_Family_Group_20_193.jpg
2
(827, 1160, 78, 78)
(246, 763, 243, 243)

20--Family_Group\20_Family_Group_Family_Group_20_22.jpg
7
(712, 276, 45, 45)
(543, 238, 38, 38)
(467, 217, 46, 46)
(232, 315, 43, 43)
(322, 258, 23, 23)
(761, 262, 44, 44)
(737, 322, 44, 44)

20--Family_Group\20_Family_Group_Family_Group_20_227.jpg
0

20--Family_Group\20_Family_Group_Family_Group_20_255.jpg
9
(613, 422, 64, 64)
(496, 416, 72, 72)
(897, 376, 73, 73)
(533, 133, 42, 42)
(373, 303, 53, 53)
(665, 232, 54, 54)
(790, 224, 59, 59)
(825, 459, 46, 46)
(750, 378, 72, 72)

20--Family_Group\20_Family_Group_Family_Group_20_27.jpg
4
(222, 212, 26, 26)
(887, 325, 102, 102)
(770, 182, 112, 112)
(701, 222, 98, 98)

20--Family_Group\20_Family_Group_Family_Group_20_272.jpg
4
(477, 54, 62, 62)
(407, 323, 45, 45)
(832, 45, 58, 58)
(149, 86, 65, 65)

20--Family_Group\20_Family_Group_Family_Group_20_277.jpg
1
(861, 142, 65, 65)

20--Family_Group\20_Family_Group_Family_Group_20_282.jpg
0

20--Family_Group\20_Family_Group_Family_Group_20_294.jpg
11
(386, 310, 41, 41)
(386, 223, 40, 40)
(651, 358, 43, 43)
(420, 491, 44, 44)
(480, 199, 55, 55)
(475, 496, 48, 48)
(131, 384, 55, 55)
(706, 196, 34, 34)
(174, 180, 45, 45)
(652, 214, 46, 46)
(848, 254, 36, 36)

20--Family_Group\20_Family_Group_Family_Group_20_318.jpg
2
(172, 156, 115, 115)
(853, 181, 160, 160)

20--Family_Group\20_Family_Group_Family_Group_20_326.jpg
5
(421, 376, 29, 29)
(806, 286, 36, 36)
(701, 217, 48, 48)
(858, 195, 45, 45)
(153, 208, 52, 52)

20--Family_Group\20_Family_Group_Family_Group_20_33.jpg
8
(432, 297, 47, 47)
(458, 395, 42, 42)
(553, 369, 55, 55)
(828, 342, 42, 42)
(898, 344, 44, 44)
(296, 588, 53, 53)
(629, 332, 44, 44)
(173, 341, 46, 46)

20--Family_Group\20_Family_Group_Family_Group_20_339.jpg
5
(619, 178, 46, 46)
(780, 272, 55, 55)
(451, 168, 43, 43)
(856, 99, 53, 53)
(440, 352, 47, 47)

20--Family_Group\20_Family_Group_Family_Group_20_360.jpg
4
(489, 305, 72, 72)
(539, 258, 77, 77)
(267, 266, 80, 80)
(730, 266, 98, 98)

20--Family_Group\20_Family_Group_Family_Group_20_374.jpg
3
(240, 1236, 34, 34)
(547, 477, 80, 80)
(140, 364, 376, 376)

20--Family_Group\20_Family_Group_Family_Group_20_387.jpg
4
(735, 337, 102, 102)
(600, 762, 73, 73)
(469, 230, 191, 191)
(30, 556, 172, 172)

20--Family_Group\20_Family_Group_Family_Group_20_411.jpg
12
(608, 386, 63, 63)
(222, 392, 68, 68)
(624, 216, 52, 52)
(463, 213, 66, 66)
(442, 613, 52, 52)
(484, 384, 77, 77)
(681, 75, 82, 82)
(767, 401, 62, 62)
(179, 600, 61, 61)
(331, 406, 65, 65)
(318, 56, 55, 55)
(362, 60, 88, 88)

20--Family_Group\20_Family_Group_Family_Group_20_412.jpg
2
(402, 159, 101, 101)
(649, 266, 96, 96)

20--Family_Group\20_Family_Group_Family_Group_20_427.jpg
6
(820, 85, 74, 74)
(106, 158, 51, 51)
(20, 139, 76, 76)
(446, 387, 50, 50)
(370, 161, 54, 54)
(718, 365, 53, 53)

20--Family_Group\20_Family_Group_Family_Group_20_447.jpg
0

20--Family_Group\20_Family_Group_Family_Group_20_453.jpg
0

20--Family_Group\20_Family_Group_Family_Group_20_483.jpg
4
(918, 635, 36, 36)
(284, 754, 51, 51)
(684, 232, 106, 106)
(803, 240, 113, 113)

20--Family_Group\20_Family_Group_Family_Group_20_493.jpg
3
(747, 148, 67, 67)
(485, 260, 137, 137)
(29, 184, 40, 40)

20--Family_Group\20_Family_Group_Family_Group_20_540.jpg
5
(571, 234, 43, 43)
(575, 485, 46, 46)
(645, 207, 54, 54)
(809, 220, 47, 47)
(750, 248, 49, 49)

20--Family_Group\20_Family_Group_Family_Group_20_544.jpg
5
(731, 76, 51, 51)
(708, 245, 74, 74)
(147, 106, 84, 84)
(841, 103, 99, 99)
(389, 120, 86, 86)

20--Family_Group\20_Family_Group_Family_Group_20_556.jpg
17
(509, 280, 47, 47)
(347, 313, 47, 47)
(242, 295, 44, 44)
(419, 355, 54, 54)
(935, 234, 53, 53)
(734, 353, 52, 52)
(605, 427, 56, 56)
(129, 312, 56, 56)
(273, 322, 59, 59)
(135, 238, 64, 64)
(428, 248, 72, 72)
(261, 563, 39, 39)
(784, 268, 37, 37)
(364, 262, 46, 46)
(631, 270, 46, 46)
(667, 249, 53, 53)
(343, 254, 62, 62)

20--Family_Group\20_Family_Group_Family_Group_20_579.jpg
9
(302, 684, 46, 46)
(108, 146, 36, 36)
(356, 306, 58, 58)
(454, 343, 129, 129)
(783, 139, 81, 81)
(875, 196, 75, 75)
(246, 451, 80, 80)
(481, 197, 47, 47)
(168, 176, 63, 63)

20--Family_Group\20_Family_Group_Family_Group_20_599.jpg
3
(674, 475, 119, 119)
(400, 254, 105, 105)
(232, 686, 80, 80)

20--Family_Group\20_Family_Group_Family_Group_20_62.jpg
15
(714, 135, 52, 52)
(417, 135, 47, 47)
(644, 305, 43, 43)
(760, 181, 51, 51)
(836, 148, 50, 50)
(618, 124, 46, 46)
(334, 126, 49, 49)
(360, 201, 46, 46)
(865, 203, 52, 52)
(238, 214, 54, 54)
(616, 381, 49, 49)
(111, 102, 57, 57)
(627, 167, 49, 49)
(450, 162, 52, 52)
(533, 162, 56, 56)

20--Family_Group\20_Family_Group_Family_Group_20_636.jpg
2
(882, 92, 28, 28)
(943, 62, 31, 31)

20--Family_Group\20_Family_Group_Family_Group_20_64.jpg
17
(279, 26, 51, 51)
(654, 120, 66, 66)
(771, 290, 43, 43)
(17, 371, 67, 67)
(60, 135, 52, 52)
(786, 43, 75, 75)
(178, 304, 65, 65)
(901, 316, 45, 45)
(235, 456, 62, 62)
(330, 328, 57, 57)
(351, 279, 52, 52)
(490, 161, 66, 66)
(605, 311, 66, 66)
(611, 383, 104, 104)
(176, 427, 74, 74)
(152, 223, 60, 60)
(471, 316, 76, 76)

20--Family_Group\20_Family_Group_Family_Group_20_648.jpg
5
(119, 163, 22, 22)
(437, 457, 167, 167)
(320, 477, 142, 142)
(103, 479, 161, 161)
(568, 279, 169, 169)

20--Family_Group\20_Family_Group_Family_Group_20_663.jpg
6
(652, 188, 53, 53)
(216, 530, 59, 59)
(532, 180, 58, 58)
(347, 246, 44, 44)
(538, 313, 68, 68)
(772, 250, 66, 66)

20--Family_Group\20_Family_Group_Family_Group_20_672.jpg
18
(437, 151, 50, 50)
(662, 136, 51, 51)
(804, 895, 44, 44)
(310, 249, 49, 49)
(156, 37, 99, 99)
(298, 133, 65, 65)
(299, 861, 48, 48)
(775, 866, 47, 47)
(360, 272, 50, 50)
(687, 268, 58, 58)
(188, 846, 67, 67)
(792, 272, 68, 68)
(863, 300, 69, 69)
(675, 179, 41, 41)
(712, 180, 49, 49)
(360, 216, 48, 48)
(218, 302, 48, 48)
(748, 337, 66, 66)

20--Family_Group\20_Family_Group_Family_Group_20_696.jpg
7
(638, 303, 117, 117)
(776, 309, 131, 131)
(497, 334, 94, 94)
(256, 282, 135, 135)
(753, 256, 75, 75)
(561, 560, 108, 108)
(117, 387, 116, 116)

20--Family_Group\20_Family_Group_Family_Group_20_702.jpg
3
(537, 400, 44, 44)
(734, 324, 99, 99)
(680, 250, 63, 63)

20--Family_Group\20_Family_Group_Family_Group_20_72.jpg
4
(818, 353, 26, 26)
(574, 266, 61, 61)
(746, 456, 49, 49)
(330, 199, 52, 52)

20--Family_Group\20_Family_Group_Family_Group_20_730.jpg
2
(540, 228, 276, 276)
(795, 514, 79, 79)

20--Family_Group\20_Family_Group_Family_Group_20_739.jpg
3
(669, 475, 47, 47)
(560, 234, 106, 106)
(605, 43, 67, 67)

20--Family_Group\20_Family_Group_Family_Group_20_750.jpg
6
(326, 66, 272, 272)
(16, 847, 54, 54)
(473, 437, 155, 155)
(534, 206, 238, 238)
(267, 378, 111, 111)
(843, 633, 93, 93)

20--Family_Group\20_Family_Group_Family_Group_20_759.jpg
11
(969, 451, 42, 42)
(447, 304, 57, 57)
(224, 156, 52, 52)
(577, 291, 59, 59)
(603, 380, 51, 51)
(106, 248, 68, 68)
(572, 369, 108, 108)
(658, 114, 56, 56)
(360, 60, 66, 66)
(14, 333, 42, 42)
(97, 97, 70, 70)

20--Family_Group\20_Family_Group_Family_Group_20_760.jpg
4
(147, 39, 82, 82)
(298, 295, 65, 65)
(628, 127, 116, 116)
(452, 171, 110, 110)

20--Family_Group\20_Family_Group_Family_Group_20_775.jpg
1
(407, 346, 310, 310)

20--Family_Group\20_Family_Group_Family_Group_20_799.jpg
5
(423, 486, 70, 70)
(908, 488, 101, 101)
(511, 158, 163, 163)
(90, 616, 141, 141)
(532, 508, 137, 137)

20--Family_Group\20_Family_Group_Family_Group_20_835.jpg
5
(976, 400, 28, 28)
(730, 257, 64, 64)
(223, 348, 55, 55)
(795, 116, 23, 23)
(838, 105, 101, 101)

20--Family_Group\20_Family_Group_Family_Group_20_843.jpg
6
(610, 1314, 71, 71)
(819, 714, 148, 148)
(551, 207, 176, 176)
(566, 304, 129, 129)
(738, 827, 233, 233)
(614, 1277, 67, 67)

20--Family_Group\20_Family_Group_Family_Group_20_849.jpg
1
(388, 486, 66, 66)

20--Family_Group\20_Family_Group_Family_Group_20_87.jpg
1
(203, 510, 80, 80)

20--Family_Group\20_Family_Group_Family_Group_20_90.jpg
0

20--Family_Group\20_Family_Group_Family_Group_20_914.jpg
4
(533, 290, 26, 26)
(601, 367, 35, 35)
(255, 250, 44, 44)
(218, 186, 51, 51)

imagesTest\antenna-ohNCIiKVT1g-unsplash.jpg
1
(2599, 856, 233, 233)

imagesTest\chuttersnap-gDDas5_ALRw-unsplash.jpg
596
(3310, 2158, 111, 111)
(1986, 2385, 57, 57)
(2448, 3883, 122, 122)
(3603, 3889, 114, 114)
(2068, 3688, 136, 136)
(2995, 3697, 139, 139)
(4529, 3692, 158, 158)
(4895, 3705, 138, 138)
(5512, 3836, 147, 147)
(3396, 3641, 178, 178)
(1486, 3643, 197, 197)
(2507, 2690, 93, 93)
(3626, 2156, 122, 122)
(387, 1998, 117, 117)
(2982, 744, 104, 104)
(4682, 665, 102, 102)
(4479, 681, 107, 107)
(3739, 1157, 98, 98)
(5852, 2550, 98, 98)
(2645, 2351, 123, 123)
(2925, 712, 103, 103)
(4512, 1879, 98, 98)
(191, 2371, 123, 123)
(406, 1672, 101, 101)
(1464, 2638, 122, 122)
(1495, 2042, 129, 129)
(3111, 1671, 106, 106)
(5862, 1405, 56, 56)
(5858, 759, 108, 108)
(4194, 752, 117, 117)
(1672, 2129, 123, 123)
(1584, 2197, 130, 130)
(4911, 787, 100, 100)
(825, 2221, 127, 127)
(5699, 2370, 130, 130)
(3202, 2388, 114, 114)
(1049, 2222, 123, 123)
(391, 786, 108, 108)
(3449, 782, 120, 120)
(3818, 795, 93, 93)
(6, 2324, 97, 97)
(362, 2414, 115, 115)
(4650, 2403, 131, 131)
(2752, 690, 113, 113)
(1398, 1515, 61, 61)
(4438, 2476, 144, 144)
(4149, 2585, 112, 112)
(5044, 2579, 128, 128)
(1670, 2501, 112, 112)
(1794, 708, 121, 121)
(1989, 1904, 102, 102)
(3371, 1892, 120, 120)
(2073, 2078, 105, 105)
(2830, 2072, 131, 131)
(1591, 1010, 99, 99)
(5233, 1522, 54, 54)
(5323, 2670, 141, 141)
(2075, 742, 109, 109)
(4436, 2076, 131, 131)
(5530, 740, 116, 116)
(3496, 2083, 133, 133)
(3230, 2145, 138, 138)
(3837, 2143, 130, 130)
(4425, 1039, 112, 112)
(2951, 2169, 115, 115)
(1418, 2784, 130, 130)
(3871, 2793, 121, 121)
(657, 2235, 119, 119)
(1105, 756, 117, 117)
(1105, 351, 109, 109)
(3560, 2246, 127, 127)
(4555, 760, 119, 119)
(384, 2256, 124, 124)
(2275, 2803, 125, 125)
(3603, 1708, 85, 85)
(103, 2329, 130, 130)
(2331, 2326, 138, 138)
(4576, 2816, 117, 117)
(1428, 2342, 130, 130)
(2965, 2334, 129, 129)
(1418, 1077, 109, 109)
(864, 2902, 129, 129)
(1382, 796, 112, 112)
(5346, 1709, 123, 123)
(1592, 797, 122, 122)
(1885, 805, 107, 107)
(1791, 2348, 150, 150)
(2312, 2907, 139, 139)
(1668, 2925, 127, 127)
(3263, 808, 108, 108)
(4855, 1750, 134, 134)
(5928, 1773, 87, 87)
(4246, 358, 111, 111)
(2108, 1388, 111, 111)
(3744, 2444, 124, 124)
(1612, 2406, 124, 124)
(1433, 2513, 135, 135)
(1912, 2515, 136, 136)
(1558, 1779, 107, 107)
(3161, 838, 107, 107)
(3944, 829, 113, 113)
(4100, 834, 115, 115)
(541, 837, 118, 118)
(328, 1099, 104, 104)
(847, 2545, 140, 140)
(3363, 2543, 122, 122)
(4292, 2538, 145, 145)
(693, 836, 119, 119)
(372, 2554, 126, 126)
(1417, 1839, 120, 120)
(2308, 1840, 96, 96)
(536, 2513, 125, 125)
(4883, 2553, 133, 133)
(50, 2620, 148, 148)
(1635, 2633, 115, 115)
(2556, 1859, 86, 86)
(4577, 860, 95, 95)
(5658, 1835, 118, 118)
(3436, 2625, 154, 154)
(5254, 856, 97, 97)
(1999, 855, 105, 105)
(4, 383, 99, 99)
(545, 388, 97, 97)
(4706, 849, 128, 128)
(761, 2524, 133, 133)
(1317, 2053, 136, 136)
(3757, 2057, 138, 138)
(2908, 1135, 103, 103)
(5737, 2065, 105, 105)
(3273, 2601, 128, 128)
(3663, 2605, 129, 129)
(5587, 1448, 114, 114)
(3131, 1924, 119, 119)
(5375, 1932, 99, 99)
(622, 2721, 116, 116)
(1888, 2724, 102, 102)
(3461, 726, 110, 110)
(2910, 1508, 100, 100)
(4384, 1941, 104, 104)
(1247, 5, 92, 92)
(787, 1995, 123, 123)
(1116, 2827, 116, 116)
(3004, 2823, 143, 143)
(3627, 2824, 134, 134)
(709, 1192, 102, 102)
(1520, 2838, 139, 139)
(3662, 753, 112, 112)
(4051, 2001, 126, 126)
(1272, 1202, 92, 92)
(1832, 333, 120, 120)
(4683, 1189, 114, 114)
(2126, 2960, 126, 126)
(1192, 2000, 143, 143)
(5073, 2950, 113, 113)
(5292, 2955, 123, 123)
(2282, 2011, 127, 127)
(3302, 2960, 131, 131)
(530, 2966, 127, 127)
(2701, 1026, 104, 104)
(2389, 1564, 100, 100)
(3707, 2960, 138, 138)
(4670, 1024, 111, 111)
(5019, 1028, 107, 107)
(758, 3068, 117, 117)
(4451, 2812, 143, 143)
(770, 1025, 115, 115)
(1730, 3052, 148, 148)
(3087, 3056, 139, 139)
(986, 2083, 134, 134)
(2951, 1576, 111, 111)
(3751, 3078, 142, 142)
(4509, 3073, 156, 156)
(791, 1730, 105, 105)
(60, 3101, 114, 114)
(843, 1714, 128, 128)
(1748, 1050, 125, 125)
(2150, 3089, 138, 138)
(1036, 859, 125, 125)
(5348, 1577, 115, 115)
(3307, 356, 118, 118)
(3535, 861, 108, 108)
(481, 1750, 108, 108)
(4388, 1723, 150, 150)
(5270, 1583, 108, 108)
(193, 1798, 102, 102)
(267, 883, 111, 111)
(2580, 1358, 121, 121)
(2837, 1082, 92, 92)
(2537, 880, 109, 109)
(4412, 892, 94, 94)
(124, 885, 110, 110)
(4, 1107, 108, 108)
(4692, 2582, 139, 139)
(5053, 892, 127, 127)
(5572, 1105, 114, 114)
(4870, 910, 114, 114)
(4129, 2709, 122, 122)
(4953, 2697, 132, 132)
(2337, 1876, 130, 130)
(3990, 1382, 88, 88)
(1506, 1113, 108, 108)
(3585, 1105, 120, 120)
(447, 5, 106, 106)
(759, 705, 124, 124)
(1297, 373, 124, 124)
(5336, 1119, 97, 97)
(4254, 2803, 151, 151)
(5841, 1951, 116, 116)
(1570, 1945, 146, 146)
(1840, 1411, 124, 124)
(5573, 4, 99, 99)
(4255, 1421, 106, 106)
(4376, 1423, 116, 116)
(878, 1144, 126, 126)
(3202, 2031, 130, 130)
(4003, 394, 122, 122)
(2637, 3150, 159, 159)
(3848, 3152, 166, 166)
(3274, 1463, 114, 114)
(465, 2106, 142, 142)
(1758, 2110, 132, 132)
(2206, 2105, 126, 126)
(4739, 3182, 142, 142)
(3480, 407, 114, 114)
(4519, 1168, 101, 101)
(72, 1166, 112, 112)
(1266, 3305, 147, 147)
(4825, 3289, 156, 156)
(570, 1478, 119, 119)
(400, 1190, 112, 112)
(821, 422, 107, 107)
(2532, 2121, 126, 126)
(1038, 1202, 93, 93)
(2175, 3305, 138, 138)
(3141, 1478, 121, 121)
(5006, 1470, 125, 125)
(3827, 1209, 101, 101)
(4146, 1497, 87, 87)
(125, 1484, 121, 121)
(640, 1485, 119, 119)
(5591, 421, 111, 111)
(1603, 424, 107, 107)
(2643, 2212, 126, 126)
(2235, 1206, 115, 115)
(3332, 1210, 109, 109)
(5499, 2207, 149, 149)
(4422, 429, 109, 109)
(848, 1545, 117, 117)
(5878, 1220, 106, 106)
(592, 1249, 114, 114)
(751, 1243, 98, 98)
(892, 1240, 118, 118)
(370, 1788, 121, 121)
(82, 332, 123, 123)
(445, 330, 125, 125)
(4876, 1249, 120, 120)
(911, 1590, 123, 123)
(4953, 1600, 109, 109)
(5730, 1577, 136, 136)
(1979, 1260, 123, 123)
(2804, 1269, 106, 106)
(1061, 1265, 122, 122)
(4618, 1265, 122, 122)
(4306, 1609, 128, 128)
(5902, 1620, 98, 98)
(3274, 1617, 112, 112)
(2123, 1043, 110, 110)
(2455, 1050, 103, 103)
(2611, 1045, 111, 111)
(4954, 2086, 137, 137)
(3405, 1673, 99, 99)
(1075, 1076, 127, 127)
(1246, 1093, 109, 109)
(1715, 1380, 117, 117)
(2730, 1361, 126, 126)
(2227, 1124, 117, 117)
(5215, 1109, 127, 127)
(2413, 1389, 120, 120)
(2505, 1130, 126, 126)
(5325, 1387, 120, 120)
(2491, 1399, 115, 115)
(2299, 1435, 122, 122)
(2319, 433, 120, 120)
(3450, 1452, 124, 124)
(3752, 449, 122, 122)
(4979, 444, 127, 127)
(126, 1235, 96, 96)
(5482, 1452, 133, 133)
(1644, 1231, 110, 110)
(1486, 456, 116, 116)
(3574, 1502, 129, 129)
(4713, 1505, 124, 124)
(4030, 1515, 122, 122)
(3151, 1273, 122, 122)
(4230, 1253, 140, 140)
(2184, 1291, 117, 117)
(7, 1315, 107, 107)
(3885, 1307, 131, 131)
(4997, 1320, 126, 126)
(3685, 1612, 134, 134)
(4657, 1628, 125, 125)
(5513, 1331, 121, 121)
(751, 1, 118, 118)
(231, 1625, 112, 112)
(124, 1685, 124, 124)
(5788, 1698, 131, 131)
(5143, 1121, 132, 132)
(2365, 1179, 127, 127)
(4621, 39, 99, 99)
(4081, 1639, 133, 133)
(2808, 0, 142, 142)
(482, 1915, 147, 147)
(4995, 44, 122, 122)
(3931, 3741, 154, 154)
(1142, 3761, 131, 131)
(2497, 2118, 65, 65)
(5285, 2424, 56, 56)
(4549, 2043, 76, 76)
(2876, 2708, 69, 69)
(2631, 3783, 148, 148)
(713, 3742, 134, 134)
(498, 2267, 130, 130)
(3924, 2517, 109, 109)
(5754, 2245, 150, 150)
(3051, 2273, 119, 119)
(3446, 2364, 113, 113)
(4797, 2351, 122, 122)
(786, 2458, 102, 102)
(4002, 2557, 134, 134)
(972, 2574, 135, 135)
(4043, 2679, 130, 130)
(4246, 2359, 146, 146)
(5862, 952, 105, 105)
(5416, 1209, 52, 52)
(1739, 2762, 151, 151)
(3393, 2854, 143, 143)
(4148, 2865, 144, 144)
(5710, 853, 82, 82)
(69, 2921, 130, 130)
(5389, 2921, 140, 140)
(5399, 908, 84, 84)
(3121, 2653, 106, 106)
(5718, 2650, 122, 122)
(1623, 2752, 117, 117)
(4852, 2874, 119, 119)
(4077, 2875, 127, 127)
(4563, 973, 117, 117)
(616, 2974, 138, 138)
(1939, 984, 114, 114)
(3477, 2968, 149, 149)
(1934, 2981, 126, 126)
(2995, 984, 115, 115)
(143, 2997, 135, 135)
(2858, 3093, 129, 129)
(4638, 3089, 144, 144)
(4806, 2520, 128, 128)
(1100, 2951, 157, 157)
(3364, 511, 112, 112)
(2962, 3197, 135, 135)
(1174, 929, 119, 119)
(3505, 3334, 137, 137)
(3638, 531, 86, 86)
(2328, 3336, 138, 138)
(5242, 3463, 144, 144)
(4259, 994, 115, 115)
(4076, 559, 109, 109)
(2033, 559, 113, 113)
(5901, 561, 110, 110)
(3458, 574, 109, 109)
(4612, 574, 109, 109)
(3530, 190, 89, 89)
(4871, 1452, 96, 96)
(3833, 585, 118, 118)
(3934, 596, 105, 105)
(2752, 911, 108, 108)
(3374, 905, 127, 127)
(4886, 601, 98, 98)
(838, 916, 128, 128)
(1873, 953, 118, 118)
(3783, 993, 120, 120)
(2649, 518, 114, 114)
(5680, 1049, 139, 139)
(1165, 544, 115, 115)
(5112, 1720, 97, 97)
(3688, 1414, 121, 121)
(1462, 909, 134, 134)
(2894, 561, 118, 118)
(3998, 1244, 89, 89)
(613, 576, 127, 127)
(5634, 1277, 91, 91)
(3269, 1288, 114, 114)
(4257, 608, 112, 112)
(41, 610, 118, 118)
(532, 1649, 104, 104)
(400, 611, 121, 121)
(5816, 625, 118, 118)
(1225, 645, 117, 117)
(3167, 649, 98, 98)
(1839, 523, 106, 106)
(4358, 513, 121, 121)
(3522, 1865, 74, 74)
(3710, 1457, 136, 136)
(4120, 1201, 126, 126)
(4416, 1207, 117, 117)
(1344, 1240, 126, 126)
(1488, 1249, 126, 126)
(1838, 1314, 115, 115)
(5790, 1305, 115, 115)
(1198, 1311, 115, 115)
(4517, 1314, 112, 112)
(905, 665, 117, 117)
(1120, 654, 128, 128)
(2815, 54, 124, 124)
(1343, 59, 121, 121)
(2227, 58, 124, 124)
(3478, 65, 111, 111)
(3091, 181, 109, 109)
(5393, 3799, 141, 141)
(4707, 3761, 154, 154)
(5610, 1752, 110, 110)
(2173, 209, 107, 107)
(1413, 203, 107, 107)
(1775, 1825, 110, 110)
(181, 1880, 148, 148)
(5093, 1886, 132, 132)
(1858, 1896, 133, 133)
(2621, 1906, 126, 126)
(2981, 1897, 129, 129)
(2748, 786, 108, 108)
(4879, 163, 113, 113)
(2787, 1976, 108, 108)
(1874, 2064, 114, 114)
(2501, 185, 106, 106)
(4300, 924, 117, 117)
(1197, 182, 120, 120)
(4607, 193, 111, 111)
(2103, 1300, 99, 99)
(1435, 447, 82, 82)
(3242, 444, 95, 95)
(112, 2193, 149, 149)
(1222, 450, 105, 105)
(838, 204, 123, 123)
(2789, 212, 110, 110)
(1495, 196, 122, 122)
(3002, 468, 112, 112)
(3228, 481, 121, 121)
(1495, 248, 119, 119)
(4646, 1421, 130, 130)
(4515, 256, 114, 114)
(5347, 1263, 137, 137)
(652, 3821, 122, 122)
(2101, 3801, 149, 149)
(2379, 3816, 125, 125)
(4374, 3806, 150, 150)
(1864, 3777, 139, 139)
(910, 2308, 97, 97)
(2439, 2413, 68, 68)
(1982, 2281, 132, 132)
(1095, 2386, 108, 108)
(1151, 2577, 135, 135)
(2984, 2687, 126, 126)
(3748, 2685, 133, 133)
(5145, 2788, 140, 140)
(2026, 2856, 107, 107)
(5416, 2787, 128, 128)
(2706, 2881, 139, 139)
(5832, 2882, 135, 135)
(276, 3011, 113, 113)
(5720, 3014, 128, 128)
(5436, 3018, 133, 133)
(2428, 3115, 150, 150)
(2074, 3132, 133, 133)
(3854, 3232, 126, 126)
(5111, 3217, 142, 142)
(4001, 3247, 138, 138)
(5426, 3349, 153, 153)
(5761, 1287, 42, 42)
(4189, 3795, 153, 153)
(3161, 3799, 169, 169)
(3508, 1154, 104, 104)
(3922, 1661, 144, 144)
(2829, 1117, 115, 115)
(1430, 74, 108, 108)
(3192, 75, 105, 105)
(3678, 77, 108, 108)
(1168, 3919, 69, 69)
(5110, 3832, 140, 140)
(5297, 767, 72, 72)
(4605, 1848, 117, 117)
(3507, 1994, 131, 131)
(5280, 729, 136, 136)
(5245, 511, 117, 117)
(3720, 263, 87, 87)
(2593, 3041, 109, 109)
(4984, 3147, 134, 134)
(987, 3155, 127, 127)
(3273, 3153, 141, 141)
(1437, 3156, 146, 146)
(1909, 3134, 166, 166)
(706, 3160, 134, 134)
(2869, 3180, 119, 119)
(1133, 3127, 167, 167)
(2488, 3248, 148, 148)
(3922, 977, 125, 125)
(220, 100, 110, 110)
(5504, 102, 120, 120)
(2914, 109, 116, 116)
(5237, 623, 113, 113)
(3745, 2219, 51, 51)
(5284, 425, 58, 58)
(84, 1935, 83, 83)
(5060, 2775, 114, 114)
(2403, 266, 99, 99)
(5151, 503, 105, 105)
(885, 3206, 123, 123)
(181, 286, 95, 95)
(4192, 3146, 153, 153)
(5479, 3554, 159, 159)
(724, 291, 119, 119)
(5118, 1607, 128, 128)
(1752, 118, 88, 88)
(1458, 3656, 86, 86)
(3309, 3661, 86, 86)
(5896, 113, 108, 108)
(366, 3402, 129, 129)
(4865, 115, 109, 109)
(2040, 3410, 135, 135)
(3131, 3422, 127, 127)
(3235, 3544, 134, 134)
(3085, 3553, 117, 117)
(3900, 3547, 150, 150)
(5002, 3680, 138, 138)
(3744, 3369, 139, 139)
(5055, 3370, 129, 129)
(4428, 3376, 137, 137)
(999, 3385, 134, 134)
(4027, 3515, 134, 134)
(2160, 3523, 145, 145)
(932, 3659, 149, 149)
(588, 142, 118, 118)
(4205, 145, 109, 109)
(1819, 2974, 120, 120)
(5445, 3202, 130, 130)
(122, 3571, 193, 193)
(1380, 3623, 63, 63)
(3480, 282, 114, 114)
(1989, 310, 119, 119)
(2556, 324, 122, 122)
(4084, 324, 129, 129)
(1732, 327, 104, 104)
(3877, 328, 119, 119)
(1784, 3391, 102, 102)
(4676, 3433, 130, 130)
(2215, 3687, 138, 138)
(5363, 138, 111, 111)
(505, 150, 113, 113)
(4478, 3237, 132, 132)
(1131, 3616, 139, 139)
(4500, 3458, 141, 141)
(809, 3604, 141, 141)
(4540, 3540, 171, 171)
(4560, 2972, 109, 109)
(5846, 3263, 115, 115)
(1763, 3270, 140, 140)
(5310, 3273, 130, 130)
(1965, 3471, 129, 129)
(5768, 3622, 128, 128)
(4741, 3634, 106, 106)
(3002, 3001, 30, 30)
(1189, 3306, 119, 119)
(3792, 3493, 142, 142)
(2441, 3494, 137, 137)
(3479, 3512, 118, 118)
(2446, 3588, 157, 157)
(444, 3051, 83, 83)
(889, 3051, 85, 85)
(1119, 3240, 109, 109)
(551, 3361, 123, 123)
(331, 3220, 134, 134)
(719, 3426, 127, 127)
(913, 3343, 124, 124)
(2755, 3351, 128, 128)
(219, 3358, 123, 123)
(3640, 3325, 126, 126)
(5895, 3522, 111, 111)
(4207, 3065, 74, 74)
(4833, 3531, 130, 130)
(1339, 3847, 117, 117)
(655, 3226, 80, 80)
(2976, 3580, 239, 239)
(671, 2029, 106, 106)
(2867, 3551, 148, 148)
(4994, 2988, 75, 75)
(1474, 3280, 94, 94)
(3490, 3264, 54, 54)
(4991, 3371, 67, 67)

imagesTest\danie-franco-WyyMwi7ZtDY-unsplash.jpg
15
(4688, 1710, 166, 166)
(2805, 1778, 214, 214)
(3483, 1824, 265, 265)
(3084, 1601, 43, 43)
(3240, 2988, 51, 51)
(3292, 1668, 39, 39)
(5385, 1977, 68, 68)
(82, 1790, 122, 122)
(1514, 3230, 62, 62)
(2411, 1841, 130, 130)
(1028, 2324, 27, 27)
(3610, 1891, 115, 115)
(3487, 2838, 103, 103)
(1013, 2538, 45, 45)
(4747, 2556, 55, 55)

imagesTest\eliott-reyna-jCEpN62oWL4-unsplash.jpg
12
(2835, 698, 66, 66)
(2151, 724, 309, 309)
(4539, 785, 299, 299)
(3770, 1036, 191, 191)
(2418, 41, 61, 61)
(2197, 183, 62, 62)
(1261, 3011, 77, 77)
(1937, 582, 359, 359)
(3220, 2090, 231, 231)
(1935, 980, 175, 175)
(1982, 2038, 440, 440)
(4753, 2611, 69, 69)

imagesTest\hassan-khan-EGVccebWodM-unsplash.jpg
0

imagesTest\jade-masri-74tlEYKgrBE-unsplash.jpg
5
(3219, 2287, 315, 315)
(268, 2371, 286, 286)
(580, 2396, 256, 256)
(2829, 2142, 305, 305)
(2572, 2442, 324, 324)

imagesTest\joel-muniz-HvZDCuRnSaY-unsplash.jpg
5
(1616, 419, 302, 302)
(1580, 315, 322, 322)
(1734, 1035, 570, 570)
(1628, 876, 55, 55)
(544, 1806, 62, 62)

imagesTest\krists-luhaers-AtPWnYNDJnM-unsplash.jpg
8
(3279, 1373, 62, 62)
(3409, 1056, 75, 75)
(3886, 1068, 72, 72)
(914, 1104, 105, 105)
(1565, 863, 46, 46)
(2144, 868, 49, 49)
(1316, 771, 46, 46)
(1903, 1507, 59, 59)

imagesTest\m-accelerator-zJYMJIrQYTE-unsplash.jpg
3
(1102, 519, 491, 491)
(3527, 451, 160, 160)
(2615, 1239, 74, 74)

imagesTest\michael-dam-mEZ3PoFGs_k-unsplash.jpg
0

imagesTest\naassom-azevedo-Q_Sei-TqSlc-unsplash.jpg
3
(1795, 2551, 197, 197)
(89, 2216, 56, 56)
(2562, 3820, 44, 44)

imagesTest\nicholas-green-nPz8akkUmDI-unsplash.jpg
10
(3451, 1856, 546, 546)
(4026, 1250, 523, 523)
(1211, 1604, 675, 675)
(1397, 1081, 343, 343)
(2998, 1561, 374, 374)
(4954, 2030, 1040, 1040)
(3183, 1152, 516, 516)
(935, 1248, 447, 447)
(5366, 1542, 387, 387)
(2401, 1152, 428, 428)

imagesTest\product-school--GajrOEN6m4-unsplash.jpg
5
(610, 1422, 397, 397)
(1135, 1474, 505, 505)
(755, 1934, 306, 306)
(5208, 1958, 43, 43)
(5518, 3064, 278, 278)

imagesTest\product-school-V8KOZEUTx9E-unsplash.jpg
9
(1110, 1558, 348, 348)
(730, 1613, 425, 425)
(3004, 1394, 469, 469)
(4950, 1277, 700, 700)
(119, 1501, 496, 496)
(2153, 1543, 663, 663)
(4029, 1648, 539, 539)
(1540, 627, 78, 78)
(1496, 1442, 396, 396)

imagesTest\quaritsch-photography-62AUD-Uwv98-unsplash.jpg
18
(1873, 1627, 33, 33)
(4296, 2509, 84, 84)
(3259, 1506, 44, 44)
(3526, 1617, 45, 45)
(458, 981, 56, 56)
(382, 1676, 56, 56)
(4503, 2135, 82, 82)
(964, 1085, 123, 123)
(4483, 1764, 72, 72)
(693, 1654, 103, 103)
(966, 979, 97, 97)
(447, 1494, 82, 82)
(1556, 1631, 64, 64)
(1912, 1632, 66, 66)
(2223, 1624, 26, 26)
(987, 454, 82, 82)
(280, 903, 45, 45)
(2526, 1808, 42, 42)

imagesTest\redd-f-oqVT4J_ps0Y-unsplash.jpg
11
(151, 1088, 106, 106)
(1249, 1103, 88, 88)
(392, 1122, 81, 81)
(1911, 1121, 94, 94)
(1828, 1157, 96, 96)
(2518, 1163, 80, 80)
(919, 1172, 64, 64)
(620, 1112, 77, 77)
(857, 1192, 82, 82)
(1682, 1160, 84, 84)
(3551, 1186, 41, 41)

imagesTest\susan-g-komen-3-day-wdVwF3Ese4o-unsplash.jpg
11
(4968, 843, 129, 129)
(4411, 1382, 87, 87)
(3843, 2649, 42, 42)
(5683, 2512, 48, 48)
(2733, 3351, 49, 49)
(3268, 1644, 88, 88)
(4035, 2375, 28, 28)
(2720, 3410, 50, 50)
(2722, 3427, 45, 45)
(4285, 1714, 40, 40)
(2741, 3317, 49, 49)

imagesTest\wes-lewis-zt6OxRORM2g-unsplash.jpg
12
(4033, 370, 356, 356)
(779, 672, 426, 426)
(1918, 653, 488, 488)
(3183, 675, 473, 473)
(3591, 683, 215, 215)
(3672, 560, 367, 367)
(3531, 1116, 623, 623)
(4084, 1085, 488, 488)
(1702, 1532, 621, 621)
(2769, 689, 359, 359)
(2767, 1033, 381, 381)
(1008, 1147, 301, 301)

imagesTest\zahir-namane-hwc7eIQiTCE-unsplash.jpg
0

