0--Parade\0_Parade_marchingband_1_1004.jpg
3
(703, 551, 52, 52)
(898, 662, 44, 44)
(650, 190, 45, 45)

0--Parade\0_Parade_marchingband_1_104.jpg
9
(543, 395, 22, 22)
(594, 405, 32, 32)
(690, 332, 47, 47)
(306, 248, 50, 50)
(161, 342, 44, 44)
(240, 4, 65, 65)
(384, 377, 69, 69)
(122, 250, 23, 23)
(512, 290, 44, 44)

0--Parade\0_Parade_marchingband_1_1045.jpg
8
(367, 394, 21, 21)
(115, 535, 23, 23)
(46, 520, 41, 41)
(525, 550, 43, 43)
(697, 252, 34, 34)
(598, 429, 42, 42)
(248, 547, 46, 46)
(951, 258, 55, 55)

0--Parade\0_Parade_marchingband_1_139.jpg
3
(287, 133, 29, 29)
(418, 523, 57, 57)
(127, 378, 47, 47)

0--Parade\0_Parade_marchingband_1_147.jpg
2
(312, 134, 52, 52)
(683, 438, 60, 60)

0--Parade\0_Parade_marchingband_1_149.jpg
29
(667, 316, 33, 33)
(599, 324, 28, 28)
(275, 386, 37, 37)
(403, 224, 28, 28)
(530, 222, 32, 32)
(223, 315, 29, 29)
(782, 315, 28, 28)
(435, 373, 40, 40)
(627, 375, 36, 36)
(366, 382, 35, 35)
(207, 232, 33, 33)
(471, 233, 29, 29)
(307, 313, 31, 31)
(522, 383, 37, 37)
(709, 388, 38, 38)
(534, 302, 28, 28)
(644, 84, 140, 140)
(596, 241, 28, 28)
(294, 359, 76, 76)
(278, 230, 30, 30)
(657, 233, 38, 38)
(728, 241, 28, 28)
(802, 238, 37, 37)
(390, 309, 29, 29)
(348, 236, 33, 33)
(461, 305, 31, 31)
(432, 114, 49, 49)
(332, 165, 58, 58)
(470, 162, 62, 62)

0--Parade\0_Parade_marchingband_1_156.jpg
3
(70, 340, 54, 54)
(332, 283, 64, 64)
(555, 235, 85, 85)

0--Parade\0_Parade_marchingband_1_172.jpg
13
(865, 447, 22, 22)
(304, 77, 23, 23)
(512, 144, 26, 26)
(780, 101, 26, 26)
(240, 167, 42, 42)
(843, 144, 42, 42)
(286, 376, 45, 45)
(602, 563, 50, 50)
(565, 241, 49, 49)
(744, 691, 27, 27)
(19, 201, 21, 21)
(648, 104, 27, 27)
(69, 618, 46, 46)

0--Parade\0_Parade_marchingband_1_188.jpg
3
(86, 713, 22, 22)
(655, 378, 42, 42)
(302, 418, 47, 47)

0--Parade\0_Parade_marchingband_1_20.jpg
10
(573, 220, 22, 22)
(80, 364, 30, 30)
(538, 353, 46, 46)
(25, 679, 26, 26)
(442, 345, 25, 25)
(536, 207, 24, 24)
(302, 127, 41, 41)
(479, 50, 56, 56)
(731, 55, 70, 70)
(71, 538, 144, 144)

0--Parade\0_Parade_marchingband_1_227.jpg
4
(425, 217, 42, 42)
(110, 322, 58, 58)
(875, 429, 81, 81)
(909, 144, 47, 47)

0--Parade\0_Parade_marchingband_1_234.jpg
18
(468, 402, 23, 23)
(331, 411, 23, 23)
(401, 412, 22, 22)
(644, 412, 22, 22)
(579, 415, 23, 23)
(305, 312, 22, 22)
(432, 312, 22, 22)
(553, 312, 22, 22)
(609, 321, 23, 23)
(783, 320, 21, 21)
(666, 322, 22, 22)
(205, 420, 22, 22)
(701, 420, 22, 22)
(758, 422, 21, 21)
(278, 420, 23, 23)
(709, 467, 40, 40)
(214, 293, 21, 21)
(880, 429, 23, 23)

0--Parade\0_Parade_marchingband_1_267.jpg
9
(504, 196, 25, 25)
(562, 136, 22, 22)
(677, 141, 21, 21)
(421, 203, 33, 33)
(461, 219, 39, 39)
(955, 82, 43, 43)
(582, 181, 23, 23)
(351, 237, 30, 30)
(583, 228, 31, 31)

0--Parade\0_Parade_marchingband_1_309.jpg
4
(850, 13, 46, 46)
(893, 322, 46, 46)
(256, 22, 96, 96)
(204, 82, 54, 54)

0--Parade\0_Parade_marchingband_1_311.jpg
2
(332, 576, 45, 45)
(727, 419, 52, 52)

0--Parade\0_Parade_marchingband_1_329.jpg
17
(563, 336, 23, 23)
(447, 417, 25, 25)
(570, 423, 24, 24)
(507, 427, 25, 25)
(629, 427, 27, 27)
(892, 335, 25, 25)
(707, 368, 40, 40)
(833, 326, 25, 25)
(318, 380, 41, 41)
(731, 330, 48, 48)
(897, 454, 56, 56)
(858, 494, 45, 45)
(857, 235, 65, 65)
(133, 312, 31, 31)
(158, 327, 22, 22)
(702, 329, 30, 30)
(12, 443, 47, 47)

0--Parade\0_Parade_marchingband_1_353.jpg
4
(611, 273, 153, 153)
(254, 387, 147, 147)
(76, 861, 32, 32)
(494, 990, 55, 55)

0--Parade\0_Parade_marchingband_1_355.jpg
6
(92, 407, 47, 47)
(320, 7, 45, 45)
(332, 578, 46, 46)
(804, 577, 46, 46)
(320, 82, 117, 117)
(535, 24, 34, 34)

0--Parade\0_Parade_marchingband_1_356.jpg
5
(332, 480, 22, 22)
(876, 1582, 26, 26)
(203, 1051, 30, 30)
(387, 1088, 31, 31)
(285, 1069, 35, 35)

0--Parade\0_Parade_marchingband_1_359.jpg
11
(732, 284, 21, 21)
(861, 148, 31, 31)
(682, 455, 44, 44)
(512, 347, 59, 59)
(378, 393, 83, 83)
(912, 121, 25, 25)
(605, 187, 24, 24)
(409, 192, 22, 22)
(477, 192, 22, 22)
(730, 113, 61, 61)
(158, 169, 39, 39)

0--Parade\0_Parade_marchingband_1_360.jpg
8
(871, 136, 41, 41)
(560, 216, 50, 50)
(180, 440, 53, 53)
(625, 358, 21, 21)
(932, 295, 22, 22)
(86, 159, 48, 48)
(465, 101, 61, 61)
(138, 523, 54, 54)

0--Parade\0_Parade_marchingband_1_379.jpg
6
(785, 280, 30, 30)
(520, 418, 29, 29)
(569, 428, 34, 34)
(913, 414, 41, 41)
(487, 496, 52, 52)
(129, 248, 26, 26)

0--Parade\0_Parade_marchingband_1_382.jpg
4
(801, 120, 46, 46)
(333, 96, 46, 46)
(145, 168, 45, 45)
(492, 164, 34, 34)

0--Parade\0_Parade_marchingband_1_404.jpg
3
(597, 127, 23, 23)
(879, 49, 70, 70)
(867, 152, 65, 65)

0--Parade\0_Parade_marchingband_1_410.jpg
4
(56, 460, 24, 24)
(11, 502, 24, 24)
(761, 375, 48, 48)
(62, 78, 50, 50)

0--Parade\0_Parade_marchingband_1_439.jpg
3
(351, 531, 49, 49)
(196, 248, 84, 84)
(850, 348, 66, 66)

0--Parade\0_Parade_marchingband_1_445.jpg
5
(429, 347, 42, 42)
(581, 372, 56, 56)
(363, 437, 66, 66)
(457, 351, 74, 74)
(143, 525, 66, 66)

0--Parade\0_Parade_marchingband_1_465.jpg
4
(172, 190, 33, 33)
(183, 221, 39, 39)
(555, 310, 42, 42)
(809, 248, 54, 54)

0--Parade\0_Parade_marchingband_1_476.jpg
2
(601, 205, 44, 44)
(730, 179, 53, 53)

0--Parade\0_Parade_marchingband_1_488.jpg
7
(44, 266, 26, 26)
(478, 82, 41, 41)
(118, 186, 41, 41)
(396, 287, 34, 34)
(110, 138, 48, 48)
(501, 474, 47, 47)
(187, 213, 43, 43)

0--Parade\0_Parade_marchingband_1_490.jpg
44
(354, 389, 21, 21)
(834, 312, 22, 22)
(548, 389, 22, 22)
(598, 389, 21, 21)
(649, 389, 22, 22)
(694, 389, 22, 22)
(834, 390, 22, 22)
(876, 389, 23, 23)
(259, 391, 22, 22)
(451, 391, 22, 22)
(784, 391, 22, 22)
(215, 395, 21, 21)
(165, 396, 21, 21)
(201, 324, 22, 22)
(240, 324, 22, 22)
(790, 329, 21, 21)
(835, 328, 21, 21)
(406, 450, 23, 23)
(288, 453, 23, 23)
(667, 453, 22, 22)
(746, 332, 21, 21)
(437, 302, 21, 21)
(637, 306, 21, 21)
(676, 306, 20, 20)
(754, 307, 22, 22)
(502, 386, 22, 22)
(584, 329, 22, 22)
(404, 387, 22, 22)
(604, 205, 40, 40)
(513, 457, 64, 64)
(639, 469, 71, 71)
(383, 469, 65, 65)
(609, 283, 22, 22)
(480, 356, 21, 21)
(703, 356, 21, 21)
(343, 358, 21, 21)
(387, 357, 22, 22)
(436, 359, 22, 22)
(791, 358, 21, 21)
(214, 360, 21, 21)
(659, 360, 21, 21)
(832, 358, 22, 22)
(881, 358, 23, 23)
(536, 439, 22, 22)

0--Parade\0_Parade_marchingband_1_517.jpg
13
(181, 390, 22, 22)
(592, 689, 52, 52)
(403, 676, 63, 63)
(536, 499, 42, 42)
(449, 219, 52, 52)
(789, 287, 59, 59)
(395, 446, 72, 72)
(34, 100, 71, 71)
(144, 150, 175, 175)
(501, 197, 85, 85)
(893, 210, 83, 83)
(869, 682, 51, 51)
(910, 267, 45, 45)

0--Parade\0_Parade_marchingband_1_525.jpg
10
(538, 395, 24, 24)
(898, 421, 24, 24)
(291, 393, 26, 26)
(130, 409, 29, 29)
(34, 421, 28, 28)
(590, 238, 104, 104)
(805, 104, 45, 45)
(188, 370, 35, 35)
(677, 381, 26, 26)
(403, 383, 26, 26)

0--Parade\0_Parade_marchingband_1_552.jpg
2
(296, 373, 52, 52)
(457, 437, 54, 54)

0--Parade\0_Parade_marchingband_1_556.jpg
11
(448, 280, 26, 26)
(554, 253, 25, 25)
(634, 253, 42, 42)
(965, 257, 34, 34)
(407, 225, 31, 31)
(341, 252, 41, 41)
(80, 262, 35, 35)
(491, 281, 35, 35)
(691, 558, 42, 42)
(559, 305, 54, 54)
(922, 343, 73, 73)

0--Parade\0_Parade_marchingband_1_561.jpg
2
(819, 1036, 73, 73)
(246, 1261, 74, 74)

0--Parade\0_Parade_marchingband_1_593.jpg
3
(396, 311, 22, 22)
(813, 375, 51, 51)
(232, 428, 23, 23)

0--Parade\0_Parade_marchingband_1_606.jpg
9
(125, 210, 29, 29)
(837, 151, 36, 36)
(778, 150, 46, 46)
(248, 135, 42, 42)
(333, 576, 45, 45)
(475, 128, 47, 47)
(779, 531, 58, 58)
(700, 173, 32, 32)
(610, 190, 32, 32)

0--Parade\0_Parade_marchingband_1_620.jpg
6
(798, 412, 37, 37)
(137, 341, 48, 48)
(905, 319, 45, 45)
(935, 551, 71, 71)
(113, 274, 25, 25)
(657, 330, 45, 45)

0--Parade\0_Parade_marchingband_1_629.jpg
2
(559, 285, 53, 53)
(311, 343, 40, 40)

0--Parade\0_Parade_marchingband_1_649.jpg
24
(244, 142, 37, 37)
(943, 207, 45, 45)
(4, 127, 33, 33)
(19, 199, 47, 47)
(658, 213, 44, 44)
(409, 84, 45, 45)
(403, 70, 42, 42)
(646, 146, 38, 38)
(760, 151, 33, 33)
(855, 154, 37, 37)
(173, 282, 50, 50)
(234, 191, 45, 45)
(286, 287, 51, 51)
(543, 78, 51, 51)
(964, 151, 43, 43)
(490, 123, 43, 43)
(883, 321, 48, 48)
(787, 285, 48, 48)
(691, 289, 50, 50)
(791, 451, 48, 48)
(50, 120, 34, 34)
(121, 230, 48, 48)
(336, 117, 41, 41)
(903, 179, 29, 29)

0--Parade\0_Parade_marchingband_1_653.jpg
4
(958, 181, 22, 22)
(623, 68, 54, 54)
(205, 207, 44, 44)
(322, 137, 22, 22)

0--Parade\0_Parade_marchingband_1_695.jpg
6
(557, 92, 62, 62)
(441, 550, 26, 26)
(731, 241, 58, 58)
(818, 188, 22, 22)
(433, 464, 28, 28)
(838, 194, 48, 48)

0--Parade\0_Parade_marchingband_1_710.jpg
4
(485, 246, 33, 33)
(83, 327, 49, 49)
(469, 3, 70, 70)
(461, 127, 70, 70)

0--Parade\0_Parade_marchingband_1_74.jpg
14
(756, 391, 22, 22)
(458, 100, 21, 21)
(601, 404, 23, 23)
(816, 332, 25, 25)
(291, 232, 55, 55)
(340, 652, 46, 46)
(118, 228, 54, 54)
(490, 621, 43, 43)
(366, 238, 59, 59)
(182, 361, 46, 46)
(377, 622, 42, 42)
(850, 670, 59, 59)
(924, 702, 60, 60)
(68, 657, 48, 48)

0--Parade\0_Parade_marchingband_1_746.jpg
9
(748, 88, 37, 37)
(765, 46, 40, 40)
(373, 88, 41, 41)
(545, 88, 46, 46)
(816, 92, 46, 46)
(958, 181, 22, 22)
(427, 84, 34, 34)
(303, 77, 31, 31)
(143, 79, 43, 43)

0--Parade\0_Parade_marchingband_1_759.jpg
18
(172, 5, 55, 55)
(732, 538, 31, 31)
(299, 19, 56, 56)
(362, 21, 60, 60)
(131, 152, 54, 54)
(679, 504, 48, 48)
(489, 138, 57, 57)
(64, 480, 45, 45)
(752, 421, 56, 56)
(285, 22, 152, 152)
(60, 351, 56, 56)
(3, 35, 44, 44)
(46, 42, 44, 44)
(103, 197, 29, 29)
(133, 47, 57, 57)
(334, 126, 54, 54)
(625, 120, 71, 71)
(569, 140, 68, 68)

0--Parade\0_Parade_marchingband_1_765.jpg
41
(284, 288, 21, 21)
(199, 219, 21, 21)
(456, 288, 21, 21)
(366, 290, 21, 21)
(767, 290, 21, 21)
(368, 369, 22, 22)
(491, 367, 23, 23)
(245, 368, 25, 25)
(193, 371, 23, 23)
(686, 295, 21, 21)
(305, 371, 23, 23)
(844, 372, 23, 23)
(426, 372, 22, 22)
(110, 298, 24, 24)
(553, 378, 23, 23)
(314, 303, 23, 23)
(150, 379, 22, 22)
(783, 380, 22, 22)
(610, 382, 22, 22)
(402, 309, 21, 21)
(347, 343, 22, 22)
(449, 341, 23, 23)
(725, 310, 21, 21)
(536, 347, 22, 22)
(603, 241, 22, 22)
(660, 375, 25, 25)
(725, 383, 23, 23)
(904, 383, 23, 23)
(411, 489, 43, 43)
(534, 73, 153, 153)
(186, 192, 26, 26)
(534, 251, 21, 21)
(497, 263, 21, 21)
(712, 270, 22, 22)
(782, 272, 22, 22)
(499, 314, 22, 22)
(222, 316, 22, 22)
(647, 316, 22, 22)
(87, 322, 26, 26)
(803, 321, 22, 22)
(254, 341, 21, 21)

0--Parade\0_Parade_marchingband_1_768.jpg
4
(678, 635, 40, 40)
(981, 639, 41, 41)
(460, 610, 28, 28)
(777, 221, 100, 100)

0--Parade\0_Parade_marchingband_1_78.jpg
5
(203, 428, 48, 48)
(648, 276, 57, 57)
(589, 398, 74, 74)
(6, 373, 65, 65)
(655, 415, 73, 73)

0--Parade\0_Parade_marchingband_1_818.jpg
1
(745, 1062, 43, 43)

0--Parade\0_Parade_marchingband_1_822.jpg
6
(302, 384, 47, 47)
(180, 99, 98, 98)
(335, 518, 46, 46)
(745, 93, 48, 48)
(881, 202, 45, 45)
(17, 429, 23, 23)

0--Parade\0_Parade_marchingband_1_869.jpg
6
(528, 203, 59, 59)
(350, 364, 45, 45)
(68, 189, 76, 76)
(921, 446, 40, 40)
(704, 323, 56, 56)
(721, 404, 80, 80)

0--Parade\0_Parade_marchingband_1_881.jpg
1
(210, 209, 47, 47)

0--Parade\0_Parade_marchingband_1_910.jpg
4
(203, 203, 48, 48)
(505, 142, 43, 43)
(228, 272, 80, 80)
(934, 106, 22, 22)

0--Parade\0_Parade_marchingband_1_932.jpg
2
(57, 334, 27, 27)
(721, 341, 41, 41)

0--Parade\0_Parade_Parade_0_102.jpg
6
(182, 535, 24, 24)
(523, 540, 26, 26)
(498, 175, 59, 59)
(394, 220, 102, 102)
(934, 440, 23, 23)
(502, 275, 43, 43)

0--Parade\0_Parade_Parade_0_12.jpg
18
(913, 149, 28, 28)
(640, 140, 34, 34)
(671, 679, 45, 45)
(326, 152, 41, 41)
(255, 169, 28, 28)
(483, 165, 48, 48)
(735, 134, 55, 55)
(574, 12, 54, 54)
(579, 495, 127, 127)
(197, 231, 65, 65)
(280, 224, 83, 83)
(936, 148, 81, 81)
(66, 48, 27, 27)
(573, 177, 32, 32)
(821, 114, 44, 44)
(397, 176, 40, 40)
(900, 109, 50, 50)
(941, 44, 53, 53)

0--Parade\0_Parade_Parade_0_120.jpg
10
(325, 313, 23, 23)
(490, 315, 22, 22)
(440, 324, 22, 22)
(58, 719, 54, 54)
(523, 328, 38, 38)
(103, 302, 48, 48)
(763, 444, 40, 40)
(344, 197, 30, 30)
(380, 552, 31, 31)
(264, 551, 200, 200)

0--Parade\0_Parade_Parade_0_125.jpg
1
(475, 273, 24, 24)

0--Parade\0_Parade_Parade_0_137.jpg
7
(627, 10, 44, 44)
(126, 307, 43, 43)
(514, 460, 79, 79)
(792, 446, 104, 104)
(672, 410, 43, 43)
(920, 366, 32, 32)
(294, 334, 48, 48)

0--Parade\0_Parade_Parade_0_164.jpg
5
(369, 455, 57, 57)
(516, 34, 44, 44)
(468, 30, 48, 48)
(61, 527, 41, 41)
(940, 590, 56, 56)

0--Parade\0_Parade_Parade_0_194.jpg
2
(355, 248, 116, 116)
(210, 350, 88, 88)

0--Parade\0_Parade_Parade_0_205.jpg
5
(679, 3, 22, 22)
(196, 427, 74, 74)
(264, 34, 61, 61)
(863, 40, 99, 99)
(870, 115, 93, 93)

0--Parade\0_Parade_Parade_0_218.jpg
6
(722, 611, 22, 22)
(769, 454, 24, 24)
(787, 200, 25, 25)
(736, 384, 39, 39)
(167, 592, 24, 24)
(440, 373, 30, 30)

0--Parade\0_Parade_Parade_0_239.jpg
18
(519, 170, 24, 24)
(269, 304, 27, 27)
(203, 223, 41, 41)
(707, 292, 29, 29)
(460, 614, 26, 26)
(495, 374, 43, 43)
(890, 279, 45, 45)
(390, 281, 45, 45)
(502, 289, 39, 39)
(345, 286, 48, 48)
(35, 289, 48, 48)
(417, 503, 74, 74)
(219, 308, 56, 56)
(872, 204, 99, 99)
(418, 321, 59, 59)
(43, 551, 22, 22)
(336, 254, 70, 70)
(18, 182, 79, 79)

0--Parade\0_Parade_Parade_0_246.jpg
6
(807, 301, 35, 35)
(463, 816, 52, 52)
(695, 831, 61, 61)
(205, 88, 43, 43)
(759, 238, 52, 52)
(332, 64, 119, 119)

0--Parade\0_Parade_Parade_0_247.jpg
0

0--Parade\0_Parade_Parade_0_266.jpg
5
(476, 160, 22, 22)
(503, 410, 59, 59)
(916, 266, 101, 101)
(948, 340, 30, 30)
(84, 284, 78, 78)

0--Parade\0_Parade_Parade_0_275.jpg
4
(281, 362, 44, 44)
(613, 519, 58, 58)
(328, 544, 58, 58)
(220, 415, 53, 53)

0--Parade\0_Parade_Parade_0_286.jpg
6
(408, 649, 43, 43)
(643, 482, 29, 29)
(530, 201, 33, 33)
(822, 555, 106, 106)
(528, 542, 29, 29)
(650, 435, 58, 58)

0--Parade\0_Parade_Parade_0_288.jpg
2
(514, 99, 56, 56)
(746, 326, 25, 25)

0--Parade\0_Parade_Parade_0_29.jpg
5
(548, 316, 22, 22)
(317, 231, 38, 38)
(239, 235, 27, 27)
(564, 174, 50, 50)
(194, 240, 23, 23)

0--Parade\0_Parade_Parade_0_317.jpg
1
(604, 106, 22, 22)

0--Parade\0_Parade_Parade_0_353.jpg
7
(832, 263, 26, 26)
(796, 406, 41, 41)
(404, 449, 44, 44)
(674, 218, 84, 84)
(569, 302, 71, 71)
(489, 240, 24, 24)
(655, 499, 116, 116)

0--Parade\0_Parade_Parade_0_364.jpg
9
(188, 4, 48, 48)
(652, 116, 88, 88)
(567, 131, 102, 102)
(791, 171, 79, 79)
(356, 111, 127, 127)
(220, 136, 159, 159)
(495, 111, 46, 46)
(741, 162, 45, 45)
(741, 180, 39, 39)

0--Parade\0_Parade_Parade_0_376.jpg
3
(932, 584, 37, 37)
(406, 592, 47, 47)
(811, 244, 22, 22)

0--Parade\0_Parade_Parade_0_377.jpg
3
(939, 346, 28, 28)
(818, 550, 60, 60)
(243, 506, 88, 88)

0--Parade\0_Parade_Parade_0_382.jpg
4
(908, 301, 32, 32)
(533, 64, 42, 42)
(237, 359, 44, 44)
(446, 234, 60, 60)

0--Parade\0_Parade_Parade_0_429.jpg
10
(504, 17, 41, 41)
(320, 202, 84, 84)
(838, 707, 49, 49)
(307, 89, 77, 77)
(835, 682, 58, 58)
(600, 252, 110, 110)
(144, 262, 121, 121)
(466, 147, 114, 114)
(665, 634, 44, 44)
(322, 197, 51, 51)

0--Parade\0_Parade_Parade_0_43.jpg
24
(490, 223, 23, 23)
(677, 449, 23, 23)
(186, 387, 24, 24)
(201, 454, 23, 23)
(76, 456, 22, 22)
(770, 461, 23, 23)
(152, 507, 24, 24)
(654, 349, 25, 25)
(398, 513, 24, 24)
(941, 520, 25, 25)
(153, 395, 49, 49)
(416, 314, 45, 45)
(275, 464, 44, 44)
(196, 545, 44, 44)
(302, 544, 49, 49)
(899, 545, 52, 52)
(468, 523, 44, 44)
(906, 524, 55, 55)
(462, 174, 78, 78)
(543, 289, 23, 23)
(218, 290, 42, 42)
(0, 520, 45, 45)
(794, 527, 48, 48)
(443, 448, 24, 24)

0--Parade\0_Parade_Parade_0_443.jpg
8
(370, 239, 61, 61)
(298, 179, 52, 52)
(685, 309, 73, 73)
(872, 651, 86, 86)
(518, 202, 91, 91)
(830, 430, 146, 146)
(696, 341, 58, 58)
(447, 294, 110, 110)

0--Parade\0_Parade_Parade_0_459.jpg
5
(568, 1132, 81, 81)
(137, 657, 125, 125)
(772, 1089, 45, 45)
(29, 928, 62, 62)
(264, 1091, 66, 66)

0--Parade\0_Parade_Parade_0_461.jpg
1
(726, 76, 124, 124)

0--Parade\0_Parade_Parade_0_465.jpg
3
(491, 126, 119, 119)
(398, 118, 121, 121)
(250, 174, 151, 151)

0--Parade\0_Parade_Parade_0_468.jpg
3
(98, 482, 224, 224)
(429, 630, 345, 345)
(57, 1234, 60, 60)

0--Parade\0_Parade_Parade_0_470.jpg
21
(758, 174, 23, 23)
(792, 301, 42, 42)
(839, 231, 67, 67)
(463, 143, 67, 67)
(704, 243, 70, 70)
(462, 335, 90, 90)
(416, 207, 83, 83)
(617, 137, 71, 71)
(771, 229, 76, 76)
(296, 238, 83, 83)
(315, 378, 100, 100)
(325, 164, 71, 71)
(538, 194, 73, 73)
(929, 271, 71, 71)
(581, 251, 83, 83)
(131, 474, 102, 102)
(35, 161, 104, 104)
(151, 171, 98, 98)
(215, 167, 99, 99)
(854, 177, 56, 56)
(893, 177, 63, 63)

0--Parade\0_Parade_Parade_0_472.jpg
3
(600, 262, 47, 47)
(356, 276, 45, 45)
(509, 122, 48, 48)

0--Parade\0_Parade_Parade_0_478.jpg
3
(759, 119, 42, 42)
(687, 554, 50, 50)
(300, 97, 41, 41)

0--Parade\0_Parade_Parade_0_490.jpg
29
(680, 171, 22, 22)
(924, 6, 28, 28)
(56, 111, 22, 22)
(905, 84, 31, 31)
(751, 86, 37, 37)
(724, 240, 48, 48)
(589, 173, 45, 45)
(227, 323, 57, 57)
(463, 330, 62, 62)
(90, 185, 54, 54)
(863, 370, 96, 96)
(118, 445, 94, 94)
(705, 78, 111, 111)
(10, 139, 22, 22)
(545, 119, 26, 26)
(438, 40, 22, 22)
(445, 72, 22, 22)
(130, 76, 23, 23)
(874, 54, 28, 28)
(343, 125, 37, 37)
(638, 571, 41, 41)
(735, 153, 44, 44)
(495, 157, 34, 34)
(69, 155, 41, 41)
(515, 221, 43, 43)
(168, 205, 44, 44)
(6, 295, 46, 46)
(177, 57, 52, 52)
(746, 320, 71, 71)

0--Parade\0_Parade_Parade_0_502.jpg
5
(644, 356, 23, 23)
(528, 362, 25, 25)
(187, 454, 38, 38)
(466, 403, 33, 33)
(125, 190, 38, 38)

0--Parade\0_Parade_Parade_0_519.jpg
12
(83, 249, 41, 41)
(254, 580, 180, 180)
(814, 460, 47, 47)
(251, 95, 52, 52)
(867, 255, 97, 97)
(147, 238, 125, 125)
(146, 188, 134, 134)
(812, 26, 52, 52)
(115, 267, 49, 49)
(744, 253, 51, 51)
(40, 247, 108, 108)
(746, 628, 95, 95)

0--Parade\0_Parade_Parade_0_53.jpg
4
(796, 182, 52, 52)
(276, 26, 73, 73)
(266, 170, 48, 48)
(269, 522, 81, 81)

0--Parade\0_Parade_Parade_0_545.jpg
1
(142, 357, 47, 47)

0--Parade\0_Parade_Parade_0_559.jpg
6
(884, 503, 43, 43)
(651, 450, 42, 42)
(390, 425, 46, 46)
(729, 311, 40, 40)
(635, 49, 46, 46)
(374, 537, 67, 67)

0--Parade\0_Parade_Parade_0_611.jpg
3
(617, 189, 26, 26)
(598, 589, 27, 27)
(590, 153, 45, 45)

0--Parade\0_Parade_Parade_0_616.jpg
11
(25, 739, 51, 51)
(660, 141, 82, 82)
(489, 228, 55, 55)
(149, 583, 48, 48)
(106, 173, 88, 88)
(881, 551, 64, 64)
(75, 264, 88, 88)
(467, 46, 99, 99)
(354, 649, 125, 125)
(177, 118, 48, 48)
(250, 122, 97, 97)

0--Parade\0_Parade_Parade_0_628.jpg
1
(308, 241, 24, 24)

0--Parade\0_Parade_Parade_0_639.jpg
7
(711, 78, 28, 28)
(572, 145, 28, 28)
(641, 583, 56, 56)
(312, 483, 56, 56)
(382, 454, 67, 67)
(585, 82, 66, 66)
(5, 276, 125, 125)

0--Parade\0_Parade_Parade_0_664.jpg
8
(975, 344, 25, 25)
(461, 300, 22, 22)
(117, 320, 41, 41)
(206, 316, 25, 25)
(618, 340, 28, 28)
(936, 336, 32, 32)
(488, 324, 24, 24)
(762, 242, 59, 59)

0--Parade\0_Parade_Parade_0_68.jpg
1
(792, 615, 50, 50)

0--Parade\0_Parade_Parade_0_688.jpg
1
(535, 461, 23, 23)

0--Parade\0_Parade_Parade_0_72.jpg
2
(669, 442, 51, 51)
(133, 457, 199, 199)

0--Parade\0_Parade_Parade_0_757.jpg
6
(24, 150, 46, 46)
(521, 301, 47, 47)
(402, 471, 66, 66)
(232, 93, 232, 232)
(798, 444, 125, 125)
(115, 127, 47, 47)

0--Parade\0_Parade_Parade_0_814.jpg
1
(915, 601, 48, 48)

0--Parade\0_Parade_Parade_0_829.jpg
6
(814, 777, 43, 43)
(499, 187, 367, 367)
(78, 1042, 87, 87)
(734, 676, 86, 86)
(703, 589, 108, 108)
(375, 955, 44, 44)

0--Parade\0_Parade_Parade_0_850.jpg
7
(490, 299, 27, 27)
(189, 315, 22, 22)
(249, 315, 24, 24)
(74, 317, 22, 22)
(630, 289, 33, 33)
(709, 307, 44, 44)
(961, 253, 56, 56)

0--Parade\0_Parade_Parade_0_854.jpg
8
(159, 728, 25, 25)
(126, 728, 26, 26)
(950, 514, 28, 28)
(141, 746, 22, 22)
(789, 440, 44, 44)
(769, 224, 58, 58)
(568, 314, 48, 48)
(523, 264, 42, 42)

0--Parade\0_Parade_Parade_0_873.jpg
22
(849, 328, 27, 27)
(30, 336, 21, 21)
(578, 346, 25, 25)
(299, 354, 26, 26)
(368, 324, 22, 22)
(393, 324, 33, 33)
(677, 617, 43, 43)
(738, 314, 26, 26)
(813, 319, 28, 28)
(747, 355, 31, 31)
(766, 358, 29, 29)
(142, 408, 40, 40)
(665, 364, 28, 28)
(73, 370, 30, 30)
(318, 459, 62, 62)
(427, 351, 47, 47)
(927, 298, 26, 26)
(208, 310, 22, 22)
(475, 310, 23, 23)
(624, 367, 25, 25)
(272, 374, 26, 26)
(808, 513, 62, 62)

0--Parade\0_Parade_Parade_0_887.jpg
6
(655, 194, 68, 68)
(516, 239, 68, 68)
(279, 300, 61, 61)
(485, 328, 87, 87)
(226, 264, 68, 68)
(149, 369, 79, 79)

0--Parade\0_Parade_Parade_0_901.jpg
5
(830, 232, 45, 45)
(260, 698, 174, 174)
(585, 312, 393, 393)
(28, 414, 286, 286)
(264, 1033, 52, 52)

0--Parade\0_Parade_Parade_0_906.jpg
8
(196, 162, 22, 22)
(346, 289, 81, 81)
(553, 271, 84, 84)
(239, 254, 129, 129)
(437, 270, 117, 117)
(604, 236, 159, 159)
(549, 672, 72, 72)
(796, 626, 63, 63)

0--Parade\0_Parade_Parade_0_913.jpg
1
(710, 311, 87, 87)

0--Parade\0_Parade_Parade_0_917.jpg
3
(702, 323, 48, 48)
(573, 300, 51, 51)
(565, 471, 62, 62)

0--Parade\0_Parade_Parade_0_960.jpg
5
(227, 22, 91, 91)
(699, 241, 76, 76)
(872, 204, 82, 82)
(54, 227, 119, 119)
(255, 377, 120, 120)

1--Handshaking\1_Handshaking_Handshaking_1_107.jpg
1
(373, 195, 215, 215)

1--Handshaking\1_Handshaking_Handshaking_1_134.jpg
3
(89, 335, 56, 56)
(569, 338, 47, 47)
(295, 76, 116, 116)

1--Handshaking\1_Handshaking_Handshaking_1_158.jpg
5
(799, 659, 64, 64)
(582, 463, 22, 22)
(654, 143, 71, 71)
(221, 162, 139, 139)
(165, 187, 31, 31)

1--Handshaking\1_Handshaking_Handshaking_1_209.jpg
1
(204, 147, 123, 123)

1--Handshaking\1_Handshaking_Handshaking_1_236.jpg
8
(981, 273, 25, 25)
(912, 229, 35, 35)
(863, 249, 29, 29)
(497, 190, 64, 64)
(692, 374, 81, 81)
(284, 234, 134, 134)
(634, 502, 22, 22)
(724, 238, 42, 42)

1--Handshaking\1_Handshaking_Handshaking_1_275.jpg
5
(566, 1040, 38, 38)
(513, 1340, 40, 40)
(566, 1342, 34, 34)
(425, 276, 220, 220)
(307, 696, 121, 121)

1--Handshaking\1_Handshaking_Handshaking_1_313.jpg
0

1--Handshaking\1_Handshaking_Handshaking_1_314.jpg
6
(796, 201, 73, 73)
(607, 241, 71, 71)
(305, 458, 66, 66)
(359, 79, 88, 88)
(454, 378, 138, 138)
(614, 39, 83, 83)

1--Handshaking\1_Handshaking_Handshaking_1_343.jpg
9
(487, 81, 70, 70)
(884, 83, 67, 67)
(89, 82, 75, 75)
(353, 671, 25, 25)
(695, 91, 75, 75)
(293, 102, 77, 77)
(662, 549, 69, 69)
(229, 321, 241, 241)
(630, 346, 220, 220)

1--Handshaking\1_Handshaking_Handshaking_1_35.jpg
4
(128, 1100, 69, 69)
(381, 139, 231, 231)
(65, 569, 98, 98)
(448, 780, 69, 69)

1--Handshaking\1_Handshaking_Handshaking_1_356.jpg
4
(127, 896, 79, 79)
(344, 401, 65, 65)
(732, 404, 138, 138)
(581, 501, 27, 27)

1--Handshaking\1_Handshaking_Handshaking_1_357.jpg
6
(498, 514, 49, 49)
(771, 483, 55, 55)
(626, 591, 47, 47)
(572, 210, 132, 132)
(140, 120, 129, 129)
(407, 238, 40, 40)

1--Handshaking\1_Handshaking_Handshaking_1_362.jpg
1
(154, 376, 24, 24)

1--Handshaking\1_Handshaking_Handshaking_1_380.jpg
1
(734, 101, 62, 62)

1--Handshaking\1_Handshaking_Handshaking_1_411.jpg
2
(277, 7, 141, 141)
(15, 80, 133, 133)

1--Handshaking\1_Handshaking_Handshaking_1_453.jpg
9
(342, 128, 46, 46)
(230, 560, 55, 55)
(360, 519, 67, 67)
(676, 612, 63, 63)
(687, 512, 55, 55)
(96, 348, 46, 46)
(79, 326, 54, 54)
(106, 6, 74, 74)
(960, 34, 49, 49)

1--Handshaking\1_Handshaking_Handshaking_1_457.jpg
1
(303, 122, 582, 582)

1--Handshaking\1_Handshaking_Handshaking_1_465.jpg
4
(611, 690, 60, 60)
(371, 248, 411, 411)
(131, 538, 70, 70)
(154, 564, 47, 47)

1--Handshaking\1_Handshaking_Handshaking_1_522.jpg
5
(33, 479, 24, 24)
(461, 108, 52, 52)
(38, 283, 44, 44)
(390, 438, 47, 47)
(683, 55, 104, 104)

1--Handshaking\1_Handshaking_Handshaking_1_567.jpg
1
(747, 640, 48, 48)

1--Handshaking\1_Handshaking_Handshaking_1_579.jpg
41
(634, 198, 28, 28)
(495, 203, 24, 24)
(881, 143, 23, 23)
(244, 147, 23, 23)
(903, 147, 23, 23)
(584, 206, 26, 26)
(189, 151, 22, 22)
(1, 260, 24, 24)
(624, 225, 22, 22)
(149, 206, 25, 25)
(381, 280, 27, 27)
(302, 258, 30, 30)
(568, 188, 25, 25)
(361, 197, 28, 28)
(583, 252, 35, 35)
(482, 158, 25, 25)
(673, 369, 36, 36)
(169, 284, 28, 28)
(441, 310, 33, 33)
(643, 279, 39, 39)
(86, 210, 29, 29)
(469, 352, 36, 36)
(770, 355, 38, 38)
(272, 218, 30, 30)
(584, 323, 40, 40)
(851, 253, 39, 39)
(597, 422, 40, 40)
(856, 345, 45, 45)
(846, 175, 85, 85)
(889, 173, 30, 30)
(32, 162, 25, 25)
(376, 178, 23, 23)
(454, 163, 24, 24)
(948, 160, 26, 26)
(529, 239, 28, 28)
(624, 235, 35, 35)
(744, 305, 35, 35)
(528, 313, 36, 36)
(225, 236, 34, 34)
(174, 243, 32, 32)
(826, 240, 30, 30)

1--Handshaking\1_Handshaking_Handshaking_1_602.jpg
3
(869, 304, 52, 52)
(225, 378, 72, 72)
(340, 263, 56, 56)

1--Handshaking\1_Handshaking_Handshaking_1_664.jpg
3
(216, 245, 54, 54)
(706, 138, 106, 106)
(850, 25, 52, 52)

1--Handshaking\1_Handshaking_Handshaking_1_733.jpg
1
(738, 138, 165, 165)

1--Handshaking\1_Handshaking_Handshaking_1_762.jpg
5
(576, 551, 25, 25)
(613, 454, 173, 173)
(737, 908, 110, 110)
(869, 916, 124, 124)
(679, 932, 68, 68)

1--Handshaking\1_Handshaking_Handshaking_1_766.jpg
3
(374, 129, 309, 309)
(922, 417, 66, 66)
(924, 265, 58, 58)

1--Handshaking\1_Handshaking_Handshaking_1_781.jpg
9
(573, 890, 21, 21)
(450, 930, 22, 22)
(868, 1443, 47, 47)
(764, 460, 74, 74)
(654, 321, 278, 278)
(633, 645, 98, 98)
(397, 830, 68, 68)
(491, 1278, 48, 48)
(805, 1216, 23, 23)

1--Handshaking\1_Handshaking_Handshaking_1_801.jpg
10
(431, 206, 39, 39)
(390, 142, 40, 40)
(430, 147, 41, 41)
(390, 204, 42, 42)
(548, 79, 67, 67)
(639, 43, 65, 65)
(67, 62, 64, 64)
(238, 65, 67, 67)
(403, 24, 69, 69)
(856, 54, 96, 96)

1--Handshaking\1_Handshaking_Handshaking_1_827.jpg
1
(806, 640, 22, 22)

1--Handshaking\1_Handshaking_Handshaking_1_94.jpg
3
(767, 434, 76, 76)
(385, 259, 268, 268)
(769, 1078, 77, 77)

4--Dancing\4_Dancing_Dancing_4_1000.jpg
3
(278, 314, 450, 450)
(190, 1199, 27, 27)
(819, 455, 44, 44)

4--Dancing\4_Dancing_Dancing_4_1026.jpg
9
(42, 140, 54, 54)
(592, 94, 128, 128)
(460, 149, 124, 124)
(41, 414, 75, 75)
(296, 160, 123, 123)
(103, 116, 147, 147)
(789, 121, 134, 134)
(251, 194, 48, 48)
(49, 57, 52, 52)

4--Dancing\4_Dancing_Dancing_4_1028.jpg
5
(179, 14, 368, 368)
(141, 777, 67, 67)
(689, 662, 128, 128)
(571, 542, 29, 29)
(238, 168, 323, 323)

4--Dancing\4_Dancing_Dancing_4_1029.jpg
4
(432, 305, 37, 37)
(258, 227, 96, 96)
(457, 65, 49, 49)
(328, 79, 99, 99)

4--Dancing\4_Dancing_Dancing_4_1036.jpg
4
(12, 344, 23, 23)
(652, 240, 94, 94)
(216, 152, 168, 168)
(590, 111, 122, 122)

4--Dancing\4_Dancing_Dancing_4_1043.jpg
7
(848, 261, 22, 22)
(878, 65, 86, 86)
(370, 116, 107, 107)
(436, 570, 27, 27)
(150, 562, 56, 56)
(824, 188, 54, 54)
(531, 580, 63, 63)

4--Dancing\4_Dancing_Dancing_4_124.jpg
1
(309, 392, 63, 63)

4--Dancing\4_Dancing_Dancing_4_156.jpg
4
(170, 634, 34, 34)
(157, 11, 50, 50)
(906, 17, 59, 59)
(414, 366, 23, 23)

4--Dancing\4_Dancing_Dancing_4_162.jpg
0

4--Dancing\4_Dancing_Dancing_4_189.jpg
2
(539, 74, 128, 128)
(106, 116, 52, 52)

4--Dancing\4_Dancing_Dancing_4_194.jpg
0

4--Dancing\4_Dancing_Dancing_4_21.jpg
1
(704, 204, 97, 97)

4--Dancing\4_Dancing_Dancing_4_224.jpg
4
(492, 85, 45, 45)
(317, 78, 108, 108)
(253, 254, 82, 82)
(538, 60, 126, 126)

4--Dancing\4_Dancing_Dancing_4_228.jpg
6
(77, 209, 35, 35)
(266, 159, 50, 50)
(215, 362, 60, 60)
(835, 43, 54, 54)
(604, 107, 41, 41)
(438, 120, 48, 48)

4--Dancing\4_Dancing_Dancing_4_240.jpg
10
(525, 378, 27, 27)
(338, 586, 45, 45)
(117, 592, 41, 41)
(395, 213, 68, 68)
(828, 103, 66, 66)
(249, 191, 70, 70)
(674, 120, 74, 74)
(103, 158, 71, 71)
(524, 164, 72, 72)
(505, 507, 65, 65)

4--Dancing\4_Dancing_Dancing_4_253.jpg
2
(480, 347, 50, 50)
(246, 276, 63, 63)

4--Dancing\4_Dancing_Dancing_4_289.jpg
0

4--Dancing\4_Dancing_Dancing_4_319.jpg
17
(440, 142, 33, 33)
(318, 8, 32, 32)
(196, 90, 31, 31)
(0, 18, 34, 34)
(406, 73, 39, 39)
(210, 25, 25, 25)
(214, 157, 43, 43)
(962, 80, 45, 45)
(950, 29, 34, 34)
(684, 60, 35, 35)
(146, 61, 41, 41)
(729, 51, 44, 44)
(548, 34, 41, 41)
(340, 44, 41, 41)
(480, 60, 40, 40)
(650, 49, 43, 43)
(187, 53, 46, 46)

4--Dancing\4_Dancing_Dancing_4_327.jpg
1
(78, 183, 712, 712)

4--Dancing\4_Dancing_Dancing_4_375.jpg
4
(804, 544, 31, 31)
(734, 603, 66, 66)
(224, 178, 64, 64)
(91, 323, 25, 25)

4--Dancing\4_Dancing_Dancing_4_378.jpg
4
(116, 101, 42, 42)
(684, 567, 47, 47)
(774, 93, 83, 83)
(574, 324, 47, 47)

4--Dancing\4_Dancing_Dancing_4_384.jpg
2
(312, 132, 64, 64)
(451, 157, 152, 152)

4--Dancing\4_Dancing_Dancing_4_41.jpg
7
(129, 375, 23, 23)
(38, 382, 23, 23)
(149, 398, 25, 25)
(22, 401, 26, 26)
(54, 363, 22, 22)
(584, 116, 50, 50)
(285, 360, 48, 48)

4--Dancing\4_Dancing_Dancing_4_422.jpg
0

4--Dancing\4_Dancing_Dancing_4_489.jpg
34
(897, 1, 22, 22)
(935, 10, 24, 24)
(23, 18, 21, 21)
(480, 109, 45, 45)
(534, 236, 49, 49)
(272, 244, 53, 53)
(417, 61, 48, 48)
(526, 62, 47, 47)
(597, 214, 56, 56)
(771, 241, 54, 54)
(296, 67, 47, 47)
(391, 246, 46, 46)
(700, 286, 50, 50)
(922, 366, 44, 44)
(883, 103, 43, 43)
(539, 432, 47, 47)
(662, 102, 52, 52)
(822, 111, 47, 47)
(413, 439, 54, 54)
(127, 118, 51, 51)
(396, 126, 51, 51)
(749, 109, 46, 46)
(173, 241, 57, 57)
(802, 21, 42, 42)
(900, 242, 76, 76)
(684, 27, 50, 50)
(248, 130, 54, 54)
(183, 79, 51, 51)
(932, 351, 43, 43)
(754, 41, 42, 42)
(903, 45, 43, 43)
(341, 82, 45, 45)
(612, 79, 48, 48)
(909, 138, 49, 49)

4--Dancing\4_Dancing_Dancing_4_494.jpg
3
(452, 1187, 24, 24)
(324, 173, 280, 280)
(80, 889, 139, 139)

4--Dancing\4_Dancing_Dancing_4_514.jpg
8
(11, 389, 62, 62)
(820, 329, 59, 59)
(515, 39, 87, 87)
(124, 3, 170, 170)
(16, 42, 57, 57)
(382, 117, 90, 90)
(9, 270, 69, 69)
(8, 674, 70, 70)

4--Dancing\4_Dancing_Dancing_4_517.jpg
0

4--Dancing\4_Dancing_Dancing_4_53.jpg
7
(569, 278, 82, 82)
(393, 237, 83, 83)
(291, 192, 76, 76)
(111, 206, 44, 44)
(46, 216, 49, 49)
(95, 225, 87, 87)
(72, 349, 137, 137)

4--Dancing\4_Dancing_Dancing_4_57.jpg
4
(222, 343, 24, 24)
(839, 159, 42, 42)
(730, 160, 31, 31)
(458, 452, 67, 67)

4--Dancing\4_Dancing_Dancing_4_715.jpg
5
(485, 468, 45, 45)
(414, 440, 40, 40)
(74, 453, 46, 46)
(663, 127, 50, 50)
(292, 462, 43, 43)

4--Dancing\4_Dancing_Dancing_4_718.jpg
4
(382, 1399, 82, 82)
(460, 169, 123, 123)
(342, 714, 54, 54)
(277, 1125, 57, 57)

4--Dancing\4_Dancing_Dancing_4_769.jpg
4
(904, 152, 29, 29)
(401, 127, 55, 55)
(456, 237, 56, 56)
(392, 109, 106, 106)

4--Dancing\4_Dancing_Dancing_4_813.jpg
2
(318, 150, 123, 123)
(474, 69, 129, 129)

4--Dancing\4_Dancing_Dancing_4_84.jpg
12
(83, 148, 22, 22)
(220, 74, 24, 24)
(603, 84, 23, 23)
(450, 140, 22, 22)
(149, 77, 23, 23)
(270, 135, 23, 23)
(743, 366, 41, 41)
(336, 155, 45, 45)
(695, 161, 47, 47)
(474, 134, 45, 45)
(841, 108, 45, 45)
(126, 178, 44, 44)

4--Dancing\4_Dancing_Dancing_4_854.jpg
4
(734, 210, 133, 133)
(359, 258, 102, 102)
(537, 314, 97, 97)
(204, 222, 117, 117)

4--Dancing\4_Dancing_Dancing_4_878.jpg
4
(431, 1422, 94, 94)
(497, 1411, 79, 79)
(443, 165, 93, 93)
(455, 191, 127, 127)

4--Dancing\4_Dancing_Dancing_4_885.jpg
3
(900, 1502, 23, 23)
(348, 179, 242, 242)
(700, 1268, 48, 48)

4--Dancing\4_Dancing_Dancing_4_915.jpg
3
(708, 868, 31, 31)
(758, 581, 124, 124)
(454, 145, 257, 257)

4--Dancing\4_Dancing_Dancing_4_922.jpg
3
(677, 1038, 45, 45)
(355, 560, 245, 245)
(281, 203, 406, 406)

4--Dancing\4_Dancing_Dancing_4_960.jpg
3
(366, 110, 214, 214)
(894, 858, 50, 50)
(449, 784, 61, 61)

4--Dancing\4_Dancing_Dancing_4_97.jpg
5
(241, 308, 26, 26)
(532, 321, 25, 25)
(295, 280, 28, 28)
(376, 328, 25, 25)
(474, 347, 21, 21)

4--Dancing\4_Dancing_Dancing_4_983.jpg
1
(541, 191, 97, 97)

20--Family_Group\20_Family_Group_Family_Group_20_100.jpg
7
(71, 18, 383, 383)
(854, 43, 122, 122)
(156, 154, 85, 85)
(294, 161, 89, 89)
(679, 196, 97, 97)
(492, 173, 95, 95)
(837, 224, 46, 46)

20--Family_Group\20_Family_Group_Family_Group_20_1003.jpg
5
(815, 342, 51, 51)
(613, 160, 132, 132)
(469, 133, 156, 156)
(195, 70, 148, 148)
(326, 104, 164, 164)

20--Family_Group\20_Family_Group_Family_Group_20_101.jpg
17
(780, 277, 52, 52)
(135, 91, 45, 45)
(522, 463, 52, 52)
(70, 268, 53, 53)
(631, 73, 50, 50)
(36, 63, 51, 51)
(222, 63, 48, 48)
(659, 264, 52, 52)
(203, 217, 54, 54)
(550, 69, 48, 48)
(964, 58, 55, 55)
(726, 75, 52, 52)
(376, 26, 50, 50)
(886, 294, 58, 58)
(833, 95, 56, 56)
(554, 244, 49, 49)
(491, 53, 44, 44)

20--Family_Group\20_Family_Group_Family_Group_20_1015.jpg
4
(46, 509, 25, 25)
(374, 289, 88, 88)
(640, 321, 110, 110)
(510, 352, 103, 103)

20--Family_Group\20_Family_Group_Family_Group_20_1026.jpg
7
(827, 642, 25, 25)
(582, 250, 55, 55)
(658, 247, 75, 75)
(366, 284, 78, 78)
(278, 963, 67, 67)
(452, 483, 83, 83)
(203, 451, 79, 79)

20--Family_Group\20_Family_Group_Family_Group_20_1037.jpg
7
(565, 56, 68, 68)
(4, 195, 96, 96)
(341, 58, 77, 77)
(145, 139, 87, 87)
(108, 234, 44, 44)
(754, 108, 75, 75)
(716, 162, 38, 38)

20--Family_Group\20_Family_Group_Family_Group_20_108.jpg
9
(764, 490, 42, 42)
(85, 572, 168, 168)
(716, 392, 90, 90)
(447, 229, 76, 76)
(243, 70, 86, 86)
(676, 188, 86, 86)
(94, 332, 85, 85)
(813, 126, 84, 84)
(434, 601, 50, 50)

20--Family_Group\20_Family_Group_Family_Group_20_109.jpg
4
(390, 98, 78, 78)
(289, 165, 69, 69)
(168, 29, 80, 80)
(150, 342, 64, 64)

20--Family_Group\20_Family_Group_Family_Group_20_193.jpg
3
(853, 306, 46, 46)
(839, 1179, 48, 48)
(318, 810, 127, 127)

20--Family_Group\20_Family_Group_Family_Group_20_22.jpg
11
(465, 221, 39, 39)
(708, 279, 40, 40)
(540, 240, 34, 34)
(305, 243, 39, 39)
(616, 228, 39, 39)
(175, 286, 40, 40)
(242, 277, 44, 44)
(338, 250, 41, 41)
(404, 252, 36, 36)
(633, 288, 44, 44)
(756, 265, 41, 41)

20--Family_Group\20_Family_Group_Family_Group_20_227.jpg
4
(795, 270, 59, 59)
(479, 489, 110, 110)
(620, 187, 162, 162)
(291, 220, 148, 148)

20--Family_Group\20_Family_Group_Family_Group_20_255.jpg
16
(202, 344, 46, 46)
(228, 529, 58, 58)
(481, 418, 73, 73)
(16, 174, 56, 56)
(187, 657, 70, 70)
(597, 424, 69, 69)
(304, 445, 64, 64)
(138, 446, 74, 74)
(885, 379, 69, 69)
(948, 484, 22, 22)
(516, 128, 54, 54)
(653, 233, 55, 55)
(782, 228, 54, 54)
(364, 306, 50, 50)
(903, 736, 48, 48)
(738, 382, 74, 74)

20--Family_Group\20_Family_Group_Family_Group_20_27.jpg
10
(359, 417, 48, 48)
(771, 197, 84, 84)
(180, 146, 92, 92)
(599, 324, 87, 87)
(285, 125, 88, 88)
(691, 228, 88, 88)
(298, 154, 89, 89)
(835, 240, 168, 168)
(233, 365, 82, 82)
(517, 40, 72, 72)

20--Family_Group\20_Family_Group_Family_Group_20_272.jpg
12
(380, 95, 51, 51)
(654, 91, 49, 49)
(472, 59, 55, 55)
(827, 52, 49, 49)
(543, 43, 56, 56)
(625, 277, 59, 59)
(10, 240, 24, 24)
(721, 31, 52, 52)
(276, 29, 54, 54)
(112, 31, 64, 64)
(18, 78, 49, 49)
(160, 452, 32, 32)

20--Family_Group\20_Family_Group_Family_Group_20_277.jpg
5
(272, 136, 49, 49)
(229, 30, 88, 88)
(683, 36, 203, 203)
(165, 191, 54, 54)
(338, 121, 131, 131)

20--Family_Group\20_Family_Group_Family_Group_20_282.jpg
4
(688, 280, 48, 48)
(700, 269, 32, 32)
(463, 265, 31, 31)
(502, 208, 45, 45)

20--Family_Group\20_Family_Group_Family_Group_20_294.jpg
23
(548, 363, 31, 31)
(463, 305, 36, 36)
(479, 208, 38, 38)
(381, 226, 38, 38)
(381, 312, 39, 39)
(581, 228, 33, 33)
(647, 361, 38, 38)
(649, 220, 36, 36)
(233, 337, 36, 36)
(737, 249, 40, 40)
(131, 390, 44, 44)
(350, 233, 43, 43)
(839, 254, 37, 37)
(207, 235, 48, 48)
(691, 213, 61, 61)
(695, 194, 36, 36)
(787, 190, 41, 41)
(558, 277, 33, 33)
(389, 182, 43, 43)
(876, 480, 50, 50)
(675, 258, 36, 36)
(773, 271, 40, 40)
(645, 418, 47, 47)

20--Family_Group\20_Family_Group_Family_Group_20_318.jpg
7
(169, 170, 86, 86)
(41, 294, 49, 49)
(848, 202, 125, 125)
(744, 289, 75, 75)
(420, 53, 87, 87)
(878, 431, 46, 46)
(694, 424, 55, 55)

20--Family_Group\20_Family_Group_Family_Group_20_326.jpg
14
(419, 378, 27, 27)
(855, 199, 38, 38)
(868, 337, 28, 28)
(512, 251, 27, 27)
(389, 246, 35, 35)
(444, 274, 40, 40)
(343, 235, 35, 35)
(151, 215, 39, 39)
(800, 288, 34, 34)
(812, 224, 34, 34)
(433, 235, 34, 34)
(630, 195, 43, 43)
(136, 192, 58, 58)
(696, 221, 43, 43)

20--Family_Group\20_Family_Group_Family_Group_20_33.jpg
26
(322, 287, 37, 37)
(809, 689, 44, 44)
(434, 307, 30, 30)
(467, 319, 36, 36)
(662, 310, 32, 32)
(118, 296, 45, 45)
(592, 412, 44, 44)
(739, 388, 40, 40)
(452, 397, 41, 41)
(693, 401, 43, 43)
(346, 447, 47, 47)
(163, 297, 41, 41)
(250, 305, 41, 41)
(356, 332, 37, 37)
(85, 331, 41, 41)
(890, 330, 45, 45)
(215, 336, 41, 41)
(258, 399, 43, 43)
(631, 339, 34, 34)
(423, 288, 47, 47)
(547, 375, 47, 47)
(786, 409, 44, 44)
(668, 427, 122, 122)
(826, 346, 32, 32)
(549, 342, 27, 27)
(767, 345, 31, 31)

20--Family_Group\20_Family_Group_Family_Group_20_339.jpg
11
(525, 195, 37, 37)
(240, 133, 48, 48)
(362, 127, 49, 49)
(614, 182, 42, 42)
(764, 147, 48, 48)
(958, 83, 61, 61)
(850, 104, 47, 47)
(443, 169, 45, 45)
(37, 93, 49, 49)
(152, 160, 46, 46)
(695, 164, 44, 44)

20--Family_Group\20_Family_Group_Family_Group_20_360.jpg
8
(401, 238, 56, 56)
(139, 518, 52, 52)
(723, 277, 81, 81)
(526, 265, 73, 73)
(481, 312, 63, 63)
(6, 499, 87, 87)
(32, 498, 92, 92)
(64, 501, 92, 92)

20--Family_Group\20_Family_Group_Family_Group_20_374.jpg
7
(674, 619, 25, 25)
(626, 804, 230, 230)
(58, 369, 403, 403)
(444, 1381, 30, 30)
(836, 1250, 24, 24)
(603, 1126, 126, 126)
(836, 1240, 52, 52)

20--Family_Group\20_Family_Group_Family_Group_20_387.jpg
11
(59, 486, 46, 46)
(694, 334, 118, 118)
(279, 363, 132, 132)
(40, 592, 112, 112)
(584, 673, 124, 124)
(293, 479, 92, 92)
(443, 463, 135, 135)
(475, 266, 121, 121)
(335, 794, 60, 60)
(920, 811, 46, 46)
(385, 592, 42, 42)

20--Family_Group\20_Family_Group_Family_Group_20_411.jpg
14
(668, 78, 76, 76)
(597, 388, 63, 63)
(757, 402, 61, 61)
(526, 93, 71, 71)
(357, 69, 72, 72)
(212, 396, 64, 64)
(206, 209, 290, 290)
(562, 622, 51, 51)
(472, 388, 73, 73)
(319, 408, 66, 66)
(364, 608, 56, 56)
(450, 669, 60, 60)
(811, 397, 95, 95)
(493, 700, 64, 64)

20--Family_Group\20_Family_Group_Family_Group_20_412.jpg
4
(397, 172, 80, 80)
(252, 158, 85, 85)
(651, 335, 94, 94)
(646, 278, 77, 77)

20--Family_Group\20_Family_Group_Family_Group_20_427.jpg
15
(817, 95, 57, 57)
(94, 157, 55, 55)
(727, 266, 47, 47)
(359, 163, 54, 54)
(66, 130, 111, 111)
(153, 342, 46, 46)
(573, 216, 56, 56)
(456, 348, 48, 48)
(70, 383, 52, 52)
(713, 322, 82, 82)
(235, 171, 59, 59)
(90, 172, 67, 67)
(156, 360, 46, 46)
(865, 232, 117, 117)
(461, 480, 65, 65)

20--Family_Group\20_Family_Group_Family_Group_20_447.jpg
4
(158, 95, 167, 167)
(815, 562, 80, 80)
(390, 529, 186, 186)
(360, 208, 67, 67)

20--Family_Group\20_Family_Group_Family_Group_20_453.jpg
10
(810, 848, 24, 24)
(357, 603, 41, 41)
(352, 565, 46, 46)
(982, 456, 41, 41)
(212, 1042, 154, 154)
(263, 847, 71, 71)
(127, 842, 96, 96)
(8, 506, 58, 58)
(570, 469, 96, 96)
(485, 604, 107, 107)

20--Family_Group\20_Family_Group_Family_Group_20_483.jpg
16
(402, 1020, 44, 44)
(710, 992, 49, 49)
(641, 122, 307, 307)
(672, 246, 93, 93)
(799, 252, 93, 93)
(202, 326, 77, 77)
(478, 240, 168, 168)
(135, 1009, 42, 42)
(126, 435, 83, 83)
(661, 663, 25, 25)
(509, 169, 73, 73)
(339, 164, 97, 97)
(789, 955, 25, 25)
(438, 671, 45, 45)
(700, 872, 47, 47)
(275, 816, 78, 78)

20--Family_Group\20_Family_Group_Family_Group_20_493.jpg
10
(550, 448, 22, 22)
(743, 157, 52, 52)
(244, 135, 48, 48)
(616, 150, 53, 53)
(630, 230, 78, 78)
(455, 262, 140, 140)
(11, 183, 52, 52)
(298, 104, 39, 39)
(377, 116, 59, 59)
(376, 103, 46, 46)

20--Family_Group\20_Family_Group_Family_Group_20_540.jpg
26
(572, 489, 39, 39)
(806, 224, 42, 42)
(890, 233, 42, 42)
(566, 237, 39, 39)
(389, 238, 41, 41)
(570, 344, 41, 41)
(460, 512, 39, 39)
(702, 206, 42, 42)
(128, 234, 43, 43)
(137, 555, 43, 43)
(380, 330, 39, 39)
(239, 408, 36, 36)
(750, 276, 38, 38)
(0, 545, 39, 39)
(497, 220, 44, 44)
(316, 269, 40, 40)
(52, 277, 44, 44)
(278, 528, 51, 51)
(249, 232, 46, 46)
(541, 282, 87, 87)
(302, 323, 186, 186)
(457, 251, 37, 37)
(749, 254, 38, 38)
(976, 240, 45, 45)
(188, 251, 44, 44)
(926, 349, 22, 22)

20--Family_Group\20_Family_Group_Family_Group_20_544.jpg
7
(822, 517, 46, 46)
(635, 321, 69, 69)
(134, 108, 79, 79)
(837, 111, 78, 78)
(697, 59, 85, 85)
(247, 44, 89, 89)
(375, 125, 80, 80)

20--Family_Group\20_Family_Group_Family_Group_20_556.jpg
22
(346, 319, 37, 37)
(599, 431, 50, 50)
(201, 423, 43, 43)
(234, 297, 45, 45)
(926, 237, 50, 50)
(249, 561, 46, 46)
(499, 279, 49, 49)
(913, 519, 49, 49)
(741, 232, 46, 46)
(179, 235, 53, 53)
(667, 253, 49, 49)
(411, 358, 51, 51)
(726, 356, 52, 52)
(620, 268, 53, 53)
(208, 493, 50, 50)
(119, 314, 55, 55)
(265, 325, 55, 55)
(128, 245, 57, 57)
(179, 489, 145, 145)
(427, 256, 56, 56)
(775, 267, 41, 41)
(354, 262, 49, 49)

20--Family_Group\20_Family_Group_Family_Group_20_579.jpg
16
(604, 692, 66, 66)
(862, 200, 73, 73)
(563, 220, 74, 74)
(231, 453, 85, 85)
(470, 409, 92, 92)
(643, 137, 81, 81)
(68, 354, 68, 68)
(763, 132, 86, 86)
(706, 375, 106, 106)
(148, 174, 75, 75)
(887, 552, 21, 21)
(332, 180, 73, 73)
(447, 186, 78, 78)
(224, 77, 113, 113)
(626, 133, 28, 28)
(76, 283, 96, 96)

20--Family_Group\20_Family_Group_Family_Group_20_599.jpg
18
(100, 927, 24, 24)
(785, 450, 37, 37)
(307, 467, 46, 46)
(972, 194, 47, 47)
(966, 880, 53, 53)
(663, 487, 96, 96)
(170, 490, 130, 130)
(49, 227, 39, 39)
(973, 411, 45, 45)
(78, 422, 45, 45)
(969, 426, 48, 48)
(782, 513, 55, 55)
(380, 254, 106, 106)
(300, 958, 56, 56)
(961, 982, 57, 57)
(404, 670, 82, 82)
(207, 679, 95, 95)
(685, 713, 22, 22)

20--Family_Group\20_Family_Group_Family_Group_20_62.jpg
30
(236, 124, 47, 47)
(615, 129, 40, 40)
(510, 138, 35, 35)
(410, 138, 44, 44)
(709, 141, 46, 46)
(331, 129, 45, 45)
(832, 152, 42, 42)
(640, 308, 42, 42)
(627, 387, 40, 40)
(556, 310, 43, 43)
(439, 243, 45, 45)
(360, 207, 35, 35)
(756, 187, 44, 44)
(860, 206, 48, 48)
(236, 219, 46, 46)
(138, 363, 40, 40)
(143, 447, 44, 44)
(78, 336, 48, 48)
(105, 104, 50, 50)
(97, 313, 45, 45)
(687, 277, 80, 80)
(443, 166, 48, 48)
(64, 308, 61, 61)
(100, 88, 43, 43)
(531, 168, 47, 47)
(623, 170, 46, 46)
(726, 240, 30, 30)
(186, 165, 51, 51)
(310, 175, 42, 42)
(613, 343, 120, 120)

20--Family_Group\20_Family_Group_Family_Group_20_636.jpg
1
(882, 96, 23, 23)

20--Family_Group\20_Family_Group_Family_Group_20_64.jpg
23
(272, 28, 50, 50)
(787, 57, 50, 50)
(305, 275, 33, 33)
(647, 123, 64, 64)
(245, 178, 47, 47)
(537, 562, 43, 43)
(170, 435, 60, 60)
(45, 134, 62, 62)
(342, 281, 51, 51)
(603, 322, 51, 51)
(165, 304, 67, 67)
(755, 283, 54, 54)
(882, 309, 63, 63)
(303, 322, 77, 77)
(312, 161, 55, 55)
(484, 166, 60, 60)
(750, 490, 90, 90)
(605, 397, 82, 82)
(458, 319, 77, 77)
(715, 327, 72, 72)
(2, 374, 64, 64)
(537, 169, 48, 48)
(145, 228, 50, 50)

20--Family_Group\20_Family_Group_Family_Group_20_648.jpg
8
(8, 288, 22, 22)
(738, 531, 42, 42)
(566, 301, 118, 118)
(686, 173, 184, 184)
(433, 480, 124, 124)
(304, 485, 128, 128)
(83, 491, 150, 150)
(92, 694, 52, 52)

20--Family_Group\20_Family_Group_Family_Group_20_663.jpg
7
(649, 194, 45, 45)
(479, 296, 42, 42)
(236, 294, 51, 51)
(537, 323, 52, 52)
(773, 259, 50, 50)
(332, 244, 53, 53)
(525, 185, 54, 54)

20--Family_Group\20_Family_Group_Family_Group_20_672.jpg
51
(737, 891, 34, 34)
(803, 900, 36, 36)
(675, 867, 35, 35)
(132, 872, 30, 30)
(304, 251, 46, 46)
(354, 275, 47, 47)
(657, 140, 44, 44)
(106, 947, 33, 33)
(258, 873, 37, 37)
(140, 272, 45, 45)
(557, 271, 46, 46)
(430, 153, 48, 48)
(421, 267, 43, 43)
(304, 864, 38, 38)
(300, 143, 46, 46)
(567, 485, 49, 49)
(104, 489, 47, 47)
(682, 272, 51, 51)
(796, 283, 48, 48)
(271, 290, 48, 48)
(96, 266, 56, 56)
(186, 538, 61, 61)
(22, 394, 98, 98)
(836, 908, 87, 87)
(29, 794, 204, 204)
(303, 823, 32, 32)
(848, 846, 37, 37)
(454, 830, 34, 34)
(606, 846, 32, 32)
(350, 846, 38, 38)
(673, 184, 36, 36)
(708, 184, 42, 42)
(533, 209, 41, 41)
(505, 201, 43, 43)
(635, 238, 42, 42)
(279, 214, 41, 41)
(357, 222, 41, 41)
(605, 213, 43, 43)
(396, 228, 43, 43)
(748, 347, 47, 47)
(676, 242, 41, 41)
(191, 222, 46, 46)
(210, 303, 50, 50)
(744, 228, 47, 47)
(860, 310, 51, 51)
(735, 1043, 33, 33)
(351, 1025, 32, 32)
(445, 1024, 41, 41)
(247, 1020, 39, 39)
(812, 1019, 41, 41)
(795, 1084, 74, 74)

20--Family_Group\20_Family_Group_Family_Group_20_696.jpg
11
(513, 789, 42, 42)
(194, 344, 54, 54)
(627, 312, 103, 103)
(767, 323, 106, 106)
(475, 329, 100, 100)
(252, 294, 118, 118)
(87, 256, 68, 68)
(548, 566, 96, 96)
(22, 447, 42, 42)
(103, 394, 102, 102)
(375, 414, 103, 103)

20--Family_Group\20_Family_Group_Family_Group_20_702.jpg
3
(271, 234, 85, 85)
(652, 244, 82, 82)
(505, 393, 67, 67)

20--Family_Group\20_Family_Group_Family_Group_20_72.jpg
7
(917, 219, 23, 23)
(286, 205, 43, 43)
(322, 200, 53, 53)
(699, 214, 51, 51)
(576, 271, 59, 59)
(466, 166, 59, 59)
(406, 245, 85, 85)

20--Family_Group\20_Family_Group_Family_Group_20_730.jpg
4
(523, 252, 228, 228)
(127, 159, 214, 214)
(163, 272, 148, 148)
(398, 196, 240, 240)

20--Family_Group\20_Family_Group_Family_Group_20_739.jpg
4
(86, 342, 48, 48)
(376, 257, 152, 152)
(505, 222, 149, 149)
(770, 579, 25, 25)

20--Family_Group\20_Family_Group_Family_Group_20_750.jpg
3
(119, 608, 63, 63)
(318, 107, 208, 208)
(746, 686, 121, 121)

20--Family_Group\20_Family_Group_Family_Group_20_759.jpg
17
(356, 69, 53, 53)
(769, 305, 32, 32)
(497, 82, 51, 51)
(217, 159, 50, 50)
(757, 228, 60, 60)
(196, 700, 52, 52)
(569, 295, 55, 55)
(306, 290, 59, 59)
(441, 309, 51, 51)
(569, 474, 63, 63)
(593, 380, 53, 53)
(490, 491, 50, 50)
(794, 100, 55, 55)
(401, 358, 154, 154)
(103, 256, 55, 55)
(95, 107, 54, 54)
(651, 118, 54, 54)

20--Family_Group\20_Family_Group_Family_Group_20_760.jpg
4
(611, 68, 42, 42)
(275, 294, 78, 78)
(453, 183, 85, 85)
(624, 140, 94, 94)

20--Family_Group\20_Family_Group_Family_Group_20_775.jpg
6
(128, 680, 53, 53)
(274, 592, 246, 246)
(31, 913, 109, 109)
(385, 382, 256, 256)
(143, 360, 42, 42)
(325, 963, 41, 41)

20--Family_Group\20_Family_Group_Family_Group_20_799.jpg
10
(767, 322, 37, 37)
(231, 896, 48, 48)
(862, 1141, 42, 42)
(755, 478, 92, 92)
(636, 927, 48, 48)
(874, 116, 48, 48)
(719, 647, 46, 46)
(923, 225, 42, 42)
(895, 496, 90, 90)
(514, 517, 120, 120)

20--Family_Group\20_Family_Group_Family_Group_20_835.jpg
5
(181, 267, 40, 40)
(790, 414, 43, 43)
(238, 163, 159, 159)
(737, 232, 72, 72)
(755, 161, 73, 73)

20--Family_Group\20_Family_Group_Family_Group_20_843.jpg
9
(410, 536, 44, 44)
(693, 167, 49, 49)
(716, 668, 244, 244)
(358, 764, 226, 226)
(568, 1084, 189, 189)
(418, 1284, 30, 30)
(117, 339, 249, 249)
(314, 1195, 31, 31)
(499, 201, 198, 198)

20--Family_Group\20_Family_Group_Family_Group_20_849.jpg
1
(378, 488, 66, 66)

20--Family_Group\20_Family_Group_Family_Group_20_87.jpg
5
(322, 426, 87, 87)
(724, 552, 101, 101)
(190, 515, 76, 76)
(621, 517, 96, 96)
(460, 389, 124, 124)

20--Family_Group\20_Family_Group_Family_Group_20_90.jpg
1
(785, 545, 22, 22)

20--Family_Group\20_Family_Group_Family_Group_20_914.jpg
14
(599, 372, 27, 27)
(160, 119, 32, 32)
(257, 258, 29, 29)
(459, 204, 39, 39)
(226, 193, 38, 38)
(520, 287, 38, 38)
(289, 313, 33, 33)
(590, 229, 36, 36)
(389, 312, 43, 43)
(145, 172, 28, 28)
(856, 174, 32, 32)
(816, 163, 37, 37)
(630, 225, 32, 32)
(101, 420, 41, 41)

imagesTest\antenna-ohNCIiKVT1g-unsplash.jpg
16
(1533, 572, 76, 76)
(2903, 578, 88, 88)
(1149, 588, 74, 74)
(2490, 526, 100, 100)
(2039, 906, 93, 93)
(1855, 818, 99, 99)
(1875, 959, 148, 148)
(2219, 1118, 62, 62)
(692, 970, 161, 161)
(1195, 792, 74, 74)
(1519, 804, 127, 127)
(2599, 900, 158, 158)
(329, 1068, 298, 298)
(1454, 1548, 149, 149)
(409, 340, 368, 368)
(1217, 847, 35, 35)

imagesTest\chuttersnap-gDDas5_ALRw-unsplash.jpg
424
(1656, 1809, 22, 22)
(3908, 1868, 41, 41)
(519, 1425, 43, 43)
(4076, 1087, 45, 45)
(1742, 3660, 63, 63)
(1587, 1021, 78, 78)
(1238, 1105, 90, 90)
(565, 1850, 47, 47)
(2493, 1418, 80, 80)
(4004, 2386, 56, 56)
(3600, 1713, 66, 66)
(2454, 1068, 74, 74)
(1798, 730, 78, 78)
(450, 352, 77, 77)
(4091, 355, 73, 73)
(2047, 1843, 71, 71)
(372, 2569, 94, 94)
(4192, 769, 89, 89)
(2112, 1409, 70, 70)
(779, 1045, 70, 70)
(5258, 1444, 90, 90)
(4245, 374, 82, 82)
(1854, 1915, 98, 98)
(4418, 1052, 91, 91)
(2923, 724, 80, 80)
(1416, 1090, 84, 84)
(2905, 1520, 86, 86)
(4713, 1526, 81, 81)
(3466, 742, 67, 67)
(1501, 1126, 85, 85)
(2072, 752, 87, 87)
(3582, 1126, 89, 89)
(1258, 16, 71, 71)
(3258, 1148, 58, 58)
(5495, 1144, 64, 64)
(5527, 751, 93, 93)
(3876, 345, 88, 88)
(4259, 1010, 81, 81)
(5908, 2551, 67, 67)
(902, 678, 88, 88)
(4510, 1892, 76, 76)
(2823, 2088, 101, 101)
(1437, 688, 72, 72)
(5577, 1459, 95, 95)
(3490, 2100, 99, 99)
(991, 2106, 85, 85)
(5476, 1468, 100, 100)
(4957, 2110, 85, 85)
(5313, 2112, 88, 88)
(3305, 371, 90, 90)
(1035, 1069, 75, 75)
(2752, 704, 84, 84)
(403, 1686, 74, 74)
(2953, 2190, 79, 79)
(3109, 1685, 82, 82)
(4027, 1532, 89, 89)
(2327, 2348, 95, 95)
(2383, 1574, 83, 83)
(2948, 1591, 86, 86)
(5260, 1589, 98, 98)
(5343, 1591, 87, 87)
(2, 395, 75, 75)
(2640, 2366, 94, 94)
(492, 2283, 100, 100)
(5779, 330, 78, 78)
(5146, 1138, 98, 98)
(5115, 1382, 88, 88)
(470, 1763, 88, 88)
(1421, 2355, 107, 107)
(2731, 1382, 83, 83)
(5607, 1766, 85, 85)
(855, 2913, 107, 107)
(1836, 1427, 96, 96)
(3689, 1431, 94, 94)
(76, 1185, 77, 77)
(4247, 1426, 96, 96)
(5854, 772, 81, 81)
(1103, 774, 84, 84)
(3672, 770, 87, 87)
(4893, 1176, 90, 90)
(4100, 770, 96, 96)
(757, 18, 82, 82)
(3198, 2047, 94, 94)
(5005, 1490, 88, 88)
(1830, 349, 92, 92)
(1254, 1201, 94, 94)
(2328, 1890, 104, 104)
(388, 800, 83, 83)
(5728, 3039, 77, 77)
(279, 1022, 96, 96)
(462, 2128, 109, 109)
(1628, 2648, 92, 92)
(1458, 2653, 95, 95)
(841, 1558, 95, 95)
(4669, 1039, 82, 82)
(5015, 1036, 92, 92)
(5746, 680, 92, 92)
(1585, 2217, 89, 89)
(5730, 1599, 92, 92)
(5836, 1961, 96, 96)
(1753, 1074, 78, 78)
(4481, 698, 71, 71)
(4880, 1664, 98, 98)
(5564, 1116, 95, 95)
(3194, 2393, 106, 106)
(2400, 1397, 107, 107)
(1108, 2837, 96, 96)
(5694, 2389, 99, 99)
(880, 1167, 84, 84)
(4646, 2421, 96, 96)
(3731, 1166, 82, 82)
(4176, 1779, 86, 86)
(4431, 2495, 109, 109)
(4649, 1763, 105, 105)
(5919, 1777, 86, 86)
(705, 1201, 86, 86)
(3759, 2081, 91, 91)
(1545, 1787, 97, 97)
(4538, 768, 101, 101)
(2053, 2082, 106, 106)
(1033, 1214, 77, 77)
(2144, 1843, 103, 103)
(5281, 2964, 108, 108)
(5657, 1853, 86, 86)
(801, 406, 77, 77)
(3820, 1217, 85, 85)
(4119, 1218, 95, 95)
(1152, 2507, 80, 80)
(1730, 3078, 99, 99)
(4001, 412, 90, 90)
(1779, 1648, 100, 100)
(3086, 3077, 95, 95)
(4605, 1870, 80, 80)
(3229, 2162, 103, 103)
(889, 1255, 91, 91)
(588, 1261, 93, 93)
(2551, 336, 94, 94)
(4872, 1260, 96, 96)
(1878, 819, 81, 81)
(5038, 2593, 103, 103)
(644, 2242, 104, 104)
(2619, 1928, 85, 85)
(4847, 1765, 106, 106)
(1971, 1272, 100, 100)
(3553, 2256, 104, 104)
(5363, 1939, 88, 88)
(100, 2342, 106, 106)
(485, 1938, 96, 96)
(4230, 1276, 93, 93)
(3130, 1940, 86, 86)
(690, 851, 90, 90)
(4742, 3207, 95, 95)
(5309, 2687, 116, 116)
(4098, 853, 76, 76)
(2963, 3217, 93, 93)
(537, 853, 90, 90)
(877, 3215, 103, 103)
(5687, 853, 96, 96)
(1265, 3324, 104, 104)
(2165, 3321, 105, 105)
(775, 2007, 106, 106)
(4046, 2016, 96, 96)
(2599, 2795, 100, 100)
(1185, 2016, 112, 112)
(1400, 2788, 123, 123)
(2222, 1137, 93, 93)
(4288, 2555, 113, 113)
(2270, 2816, 100, 100)
(832, 1725, 110, 110)
(4847, 2888, 94, 94)
(2305, 2919, 113, 113)
(1445, 2936, 106, 106)
(2701, 2898, 101, 101)
(1057, 1282, 90, 90)
(144, 3016, 96, 96)
(529, 2528, 101, 101)
(1430, 2531, 100, 100)
(4988, 1332, 105, 105)
(2418, 3132, 119, 119)
(3267, 2614, 104, 104)
(3479, 422, 85, 85)
(3994, 3264, 108, 108)
(5785, 415, 90, 90)
(3260, 3391, 111, 111)
(5573, 423, 102, 102)
(4691, 856, 112, 112)
(2991, 2837, 116, 116)
(4422, 447, 74, 74)
(2634, 2222, 102, 102)
(4649, 3081, 162, 162)
(4889, 3724, 97, 97)
(1337, 3863, 93, 93)
(5499, 2574, 32, 32)
(5360, 1146, 48, 48)
(3315, 37, 57, 57)
(4193, 573, 48, 48)
(387, 2431, 45, 45)
(2204, 2123, 91, 91)
(1077, 1866, 64, 64)
(5395, 1201, 58, 58)
(31, 2203, 94, 94)
(1175, 2211, 82, 82)
(3169, 861, 56, 56)
(3089, 196, 81, 81)
(3414, 3797, 103, 103)
(4698, 2616, 79, 79)
(3920, 3755, 129, 129)
(4386, 1959, 72, 72)
(4856, 899, 70, 70)
(512, 169, 82, 82)
(4324, 2203, 91, 91)
(566, 1492, 90, 90)
(806, 2212, 86, 86)
(1975, 2294, 102, 102)
(3749, 2709, 86, 86)
(5850, 962, 87, 87)
(4215, 2411, 83, 83)
(1199, 198, 89, 89)
(1997, 868, 79, 79)
(121, 1704, 88, 88)
(3872, 2842, 72, 72)
(817, 2237, 104, 104)
(1034, 2233, 106, 106)
(3600, 1521, 96, 96)
(3271, 1632, 82, 82)
(4308, 1633, 88, 88)
(220, 1635, 93, 93)
(4658, 1645, 92, 92)
(3274, 3166, 109, 109)
(3733, 956, 69, 69)
(1076, 1091, 94, 94)
(2643, 3177, 105, 105)
(4874, 2567, 106, 106)
(349, 3195, 81, 81)
(2866, 3194, 93, 93)
(5798, 1415, 96, 96)
(2891, 1138, 101, 101)
(2778, 1991, 90, 90)
(4573, 874, 74, 74)
(1409, 215, 83, 83)
(3368, 530, 71, 71)
(1981, 527, 83, 83)
(3391, 2872, 102, 102)
(3296, 2977, 98, 98)
(784, 1740, 92, 92)
(1634, 1240, 96, 96)
(2987, 762, 65, 65)
(5377, 905, 94, 94)
(1842, 540, 74, 74)
(4510, 3098, 104, 104)
(3748, 3100, 103, 103)
(54, 3114, 90, 90)
(2740, 921, 96, 96)
(4636, 3109, 105, 105)
(1169, 944, 89, 89)
(3502, 3354, 101, 101)
(761, 3355, 109, 109)
(204, 3372, 97, 97)
(661, 2036, 93, 93)
(4070, 571, 84, 84)
(1938, 1001, 80, 80)
(5064, 2792, 96, 96)
(2034, 576, 80, 80)
(840, 221, 90, 90)
(3889, 2805, 98, 98)
(4117, 2720, 102, 102)
(610, 2728, 103, 103)
(362, 239, 87, 87)
(3271, 1303, 95, 95)
(113, 891, 98, 98)
(220, 3152, 108, 108)
(1650, 2938, 107, 107)
(2527, 887, 97, 97)
(5386, 2940, 104, 104)
(272, 899, 79, 79)
(183, 1905, 98, 98)
(3455, 587, 80, 80)
(361, 3415, 101, 101)
(2151, 3536, 124, 124)
(1301, 2061, 118, 118)
(501, 2653, 115, 115)
(2986, 997, 95, 95)
(4147, 2883, 103, 103)
(1099, 2979, 115, 115)
(3473, 2986, 114, 114)
(4237, 3630, 172, 172)
(802, 566, 77, 77)
(5898, 576, 82, 82)
(2894, 576, 86, 86)
(3231, 500, 84, 84)
(3448, 796, 94, 94)
(1034, 878, 92, 92)
(1168, 563, 81, 81)
(2503, 2818, 25, 25)
(4611, 588, 80, 80)
(2446, 586, 96, 96)
(4879, 608, 82, 82)
(2641, 529, 94, 94)
(2336, 425, 81, 81)
(1597, 433, 88, 88)
(915, 593, 96, 96)
(364, 620, 78, 78)
(1751, 646, 94, 94)
(3157, 650, 90, 90)
(2042, 32, 109, 109)
(1222, 461, 88, 88)
(3751, 468, 87, 87)
(4980, 460, 92, 92)
(1484, 471, 85, 85)
(2018, 2903, 48, 48)
(535, 1171, 42, 42)
(5966, 1541, 46, 46)
(2422, 2647, 41, 41)
(2708, 2096, 49, 49)
(3725, 3020, 47, 47)
(1887, 2544, 47, 47)
(2376, 616, 25, 25)
(2381, 1212, 59, 59)
(307, 1196, 60, 60)
(5782, 1715, 99, 99)
(3433, 2369, 94, 94)
(5902, 1632, 74, 74)
(3503, 2010, 103, 103)
(1115, 3254, 86, 86)
(3852, 3253, 89, 89)
(1633, 261, 80, 80)
(1497, 267, 81, 81)
(5427, 3373, 107, 107)
(5041, 3378, 111, 111)
(520, 1655, 95, 95)
(1973, 1910, 92, 92)
(1490, 2058, 100, 100)
(4824, 3312, 107, 107)
(3893, 3566, 117, 117)
(5726, 2578, 90, 90)
(2134, 1031, 80, 80)
(5046, 905, 100, 100)
(1865, 965, 97, 97)
(5236, 1519, 22, 22)
(2639, 3813, 78, 78)
(4621, 51, 74, 74)
(333, 615, 65, 65)
(4244, 2982, 30, 30)
(4992, 59, 90, 90)
(5230, 548, 62, 62)
(2832, 65, 101, 101)
(2233, 76, 85, 85)
(3833, 605, 81, 81)
(1339, 75, 90, 90)
(3470, 74, 98, 98)
(3291, 3916, 60, 60)
(1428, 453, 76, 76)
(1488, 1559, 46, 46)
(4477, 3148, 56, 56)
(1785, 1997, 52, 52)
(4013, 242, 77, 77)
(4515, 273, 79, 79)
(104, 266, 97, 97)
(3136, 1280, 105, 105)
(1837, 1331, 82, 82)
(1759, 3287, 104, 104)
(5508, 1346, 92, 92)
(2052, 2531, 66, 66)
(9, 2648, 101, 101)
(283, 610, 48, 48)
(248, 2852, 31, 31)
(3189, 89, 80, 80)
(4386, 2706, 51, 51)
(2402, 277, 76, 76)
(4488, 682, 112, 112)
(3002, 485, 75, 75)
(5112, 1917, 60, 60)
(4620, 1290, 79, 79)
(1, 1124, 80, 80)
(5779, 1317, 104, 104)
(3131, 3444, 89, 89)
(1781, 1940, 90, 90)
(3701, 2975, 113, 113)
(1263, 1702, 96, 96)
(2119, 1390, 119, 119)
(375, 1954, 132, 132)
(1898, 2822, 121, 121)
(3858, 1647, 30, 30)
(4568, 3610, 53, 53)
(1328, 3646, 53, 53)
(1704, 307, 52, 52)
(912, 3068, 58, 58)
(215, 111, 90, 90)
(1757, 126, 64, 64)
(5648, 1264, 68, 68)
(2805, 3507, 92, 92)
(2441, 3517, 95, 95)
(4815, 3649, 112, 112)
(3690, 1638, 77, 77)
(1554, 128, 136, 136)
(1315, 1326, 78, 78)
(4680, 679, 81, 81)
(5034, 684, 90, 90)
(1200, 318, 84, 84)
(5628, 1290, 70, 70)
(5897, 131, 74, 74)
(1182, 134, 74, 74)
(3885, 1332, 84, 84)
(4490, 3474, 113, 113)
(589, 158, 86, 86)
(1688, 2034, 40, 40)
(210, 2376, 115, 115)
(4521, 2714, 130, 130)
(3392, 3389, 104, 104)
(3782, 3511, 105, 105)
(3242, 3566, 90, 90)
(4212, 161, 65, 65)
(5373, 162, 66, 66)
(3616, 3033, 47, 47)
(3126, 2040, 52, 52)
(2896, 1296, 61, 61)
(3425, 3516, 64, 64)
(4, 1334, 64, 64)
(4569, 3553, 164, 164)
(5258, 3463, 155, 155)
(60, 2648, 82, 82)
(4470, 3248, 110, 110)
(3155, 3817, 136, 136)
(2549, 3360, 148, 148)

imagesTest\danie-franco-WyyMwi7ZtDY-unsplash.jpg
32
(4644, 1698, 187, 187)
(1883, 1774, 178, 178)
(3955, 1859, 164, 164)
(3536, 1859, 185, 185)
(4266, 1785, 168, 168)
(2828, 1805, 170, 170)
(4939, 1812, 171, 171)
(1521, 3233, 61, 61)
(1184, 1668, 196, 196)
(2364, 1828, 166, 166)
(1618, 2685, 43, 43)
(2254, 1741, 48, 48)
(1676, 1916, 284, 284)
(1466, 2900, 64, 64)
(4321, 2431, 270, 270)
(1816, 2627, 67, 67)
(2796, 2312, 61, 61)
(4194, 2645, 104, 104)
(3143, 2506, 262, 262)
(1478, 2879, 47, 47)
(3102, 1842, 160, 160)
(3732, 2326, 172, 172)
(3121, 2106, 50, 50)
(634, 2020, 44, 44)
(3949, 2383, 112, 112)
(177, 1832, 60, 60)
(3956, 2492, 170, 170)
(1584, 2722, 188, 188)
(2973, 2493, 68, 68)
(2348, 2477, 239, 239)
(3595, 2211, 22, 22)
(4169, 2516, 50, 50)

imagesTest\eliott-reyna-jCEpN62oWL4-unsplash.jpg
55
(1163, 1253, 23, 23)
(3951, 1558, 46, 46)
(4146, 2216, 43, 43)
(4271, 950, 48, 48)
(3865, 903, 49, 49)
(2831, 1538, 75, 75)
(231, 1028, 169, 169)
(5258, 622, 89, 89)
(2130, 1118, 173, 173)
(4502, 809, 267, 267)
(2316, 1840, 48, 48)
(3174, 2117, 53, 53)
(2099, 747, 276, 276)
(5738, 1915, 45, 45)
(4100, 1085, 29, 29)
(1312, 730, 45, 45)
(3833, 908, 42, 42)
(1258, 1820, 28, 28)
(3105, 800, 48, 48)
(378, 1137, 74, 74)
(5414, 822, 65, 65)
(2178, 1764, 54, 54)
(3204, 976, 230, 230)
(4569, 1749, 91, 91)
(3441, 2140, 100, 100)
(3956, 378, 21, 21)
(3991, 537, 85, 85)
(4076, 1657, 26, 26)
(2563, 1514, 80, 80)
(5480, 506, 38, 38)
(4510, 1635, 78, 78)
(854, 1538, 83, 83)
(1769, 1053, 96, 96)
(1607, 2699, 331, 331)
(4059, 1330, 162, 162)
(3986, 861, 74, 74)
(1164, 945, 160, 160)
(2410, 1374, 73, 73)
(998, 647, 165, 165)
(2416, 1846, 57, 57)
(4227, 541, 48, 48)
(4994, 769, 60, 60)
(1300, 2445, 63, 63)
(349, 269, 171, 171)
(2811, 126, 50, 50)
(1299, 2418, 48, 48)
(2479, 1428, 50, 50)
(3031, 2569, 51, 51)
(3719, 2727, 44, 44)
(3862, 2520, 24, 24)
(3225, 2451, 60, 60)
(2490, 2970, 50, 50)
(4030, 2718, 100, 100)
(1298, 2403, 47, 47)
(1443, 2616, 47, 47)

imagesTest\hassan-khan-EGVccebWodM-unsplash.jpg
1
(425, 1295, 2606, 2606)

imagesTest\jade-masri-74tlEYKgrBE-unsplash.jpg
11
(1563, 1526, 212, 212)
(2698, 1359, 265, 265)
(1284, 1824, 148, 148)
(1321, 2411, 272, 272)
(568, 1705, 203, 203)
(2766, 2145, 313, 313)
(2184, 2372, 276, 276)
(3614, 2541, 171, 171)
(577, 2434, 192, 192)
(3907, 2352, 227, 227)
(2513, 2472, 73, 73)

imagesTest\joel-muniz-HvZDCuRnSaY-unsplash.jpg
23
(544, 1543, 24, 24)
(718, 3449, 52, 52)
(1556, 1178, 42, 42)
(1398, 3705, 45, 45)
(2267, 3300, 163, 163)
(1548, 363, 272, 272)
(2275, 3686, 73, 73)
(1919, 3613, 44, 44)
(2450, 1291, 97, 97)
(1733, 1120, 410, 410)
(809, 1286, 448, 448)
(1608, 2087, 186, 186)
(1014, 903, 62, 62)
(1144, 505, 47, 47)
(1315, 1634, 50, 50)
(1125, 3982, 134, 134)
(1867, 2991, 93, 93)
(857, 588, 58, 58)
(1336, 3693, 58, 58)
(844, 1079, 233, 233)
(1522, 1360, 48, 48)
(273, 2205, 41, 41)
(1462, 1863, 54, 54)

imagesTest\krists-luhaers-AtPWnYNDJnM-unsplash.jpg
117
(2251, 1043, 47, 47)
(3407, 1065, 57, 57)
(2884, 1608, 46, 46)
(2421, 1054, 53, 53)
(3050, 1058, 53, 53)
(1517, 1330, 89, 89)
(3554, 1257, 63, 63)
(1366, 1023, 65, 65)
(3667, 1029, 48, 48)
(605, 688, 56, 56)
(3477, 1622, 56, 56)
(1473, 967, 59, 59)
(3623, 1369, 61, 61)
(2423, 976, 52, 52)
(4427, 1377, 61, 61)
(4143, 1264, 57, 57)
(3025, 1005, 51, 51)
(1811, 1015, 61, 61)
(2890, 1053, 55, 55)
(2060, 959, 60, 60)
(1348, 1839, 69, 69)
(4984, 1544, 77, 77)
(2168, 1341, 80, 80)
(4710, 1346, 63, 63)
(4838, 1356, 68, 68)
(1537, 1032, 66, 66)
(3345, 1242, 68, 68)
(4294, 1241, 69, 69)
(1099, 741, 50, 50)
(3572, 1091, 51, 51)
(1275, 1087, 74, 74)
(4055, 1578, 81, 81)
(2686, 1366, 72, 72)
(990, 1522, 104, 104)
(939, 2309, 142, 142)
(3169, 1308, 86, 86)
(4261, 1329, 71, 71)
(953, 1627, 133, 133)
(1814, 1464, 114, 114)
(2641, 1480, 88, 88)
(4609, 1487, 73, 73)
(2419, 1483, 93, 93)
(1185, 1272, 107, 107)
(1996, 1988, 141, 141)
(1274, 1608, 138, 138)
(2289, 1107, 81, 81)
(1962, 1130, 60, 60)
(3165, 1476, 180, 180)
(5368, 971, 72, 72)
(1770, 1103, 77, 77)
(1968, 1051, 112, 112)
(1502, 767, 46, 46)
(3014, 918, 47, 47)
(3303, 917, 48, 48)
(2509, 888, 46, 46)
(1967, 901, 50, 50)
(2262, 848, 50, 50)
(2027, 1025, 49, 49)
(2834, 1152, 58, 58)
(1949, 830, 55, 55)
(2569, 837, 51, 51)
(3501, 1184, 58, 58)
(3682, 1066, 56, 56)
(4291, 1439, 69, 69)
(4307, 1125, 58, 58)
(1714, 877, 54, 54)
(3452, 1316, 71, 71)
(2423, 1157, 65, 65)
(3118, 1167, 60, 60)
(2479, 1366, 75, 75)
(5129, 1369, 71, 71)
(2138, 849, 55, 55)
(4092, 1334, 68, 68)
(1863, 1373, 81, 81)
(3225, 1168, 63, 63)
(1628, 1211, 74, 74)
(2903, 852, 59, 59)
(1544, 857, 66, 66)
(3647, 1147, 60, 60)
(762, 897, 63, 63)
(1586, 1661, 126, 126)
(2273, 986, 51, 51)
(2652, 926, 52, 52)
(2777, 927, 58, 58)
(3930, 1231, 62, 62)
(2492, 2220, 162, 162)
(506, 870, 83, 83)
(1462, 1091, 80, 80)
(3883, 1080, 55, 55)
(1205, 902, 83, 83)
(1016, 1181, 93, 93)
(713, 800, 61, 61)
(2145, 1194, 85, 85)
(1383, 1211, 84, 84)
(1950, 1212, 77, 77)
(2868, 1219, 83, 83)
(2653, 1026, 74, 74)
(3154, 2479, 50, 50)
(3866, 1178, 54, 54)
(3410, 940, 48, 48)
(1303, 770, 55, 55)
(2646, 1426, 119, 119)
(1687, 936, 58, 58)
(2110, 799, 45, 45)
(1686, 768, 47, 47)
(1799, 772, 45, 45)
(3357, 935, 162, 162)
(2065, 913, 53, 53)
(2326, 801, 45, 45)
(3017, 1503, 76, 76)
(1137, 2417, 197, 197)
(2001, 823, 50, 50)
(885, 824, 63, 63)
(3195, 1804, 42, 42)
(2017, 1792, 52, 52)
(4676, 2350, 56, 56)
(3024, 2284, 50, 50)

imagesTest\m-accelerator-zJYMJIrQYTE-unsplash.jpg
7
(3405, 2361, 92, 92)
(3548, 496, 53, 53)
(2053, 628, 188, 188)
(1332, 1299, 95, 95)
(3400, 2319, 104, 104)
(2798, 1064, 182, 182)
(3032, 2506, 22, 22)

imagesTest\michael-dam-mEZ3PoFGs_k-unsplash.jpg
2
(1106, 1109, 1446, 1446)
(3069, 2376, 86, 86)

imagesTest\naassom-azevedo-Q_Sei-TqSlc-unsplash.jpg
13
(2362, 2930, 42, 42)
(997, 2494, 250, 250)
(443, 2421, 262, 262)
(1699, 2552, 252, 252)
(2250, 2400, 258, 258)
(426, 2610, 308, 308)
(3446, 4275, 76, 76)
(2861, 2471, 269, 269)
(185, 1198, 45, 45)
(1830, 3040, 46, 46)
(987, 2581, 250, 250)
(2499, 3888, 108, 108)
(509, 2340, 26, 26)

imagesTest\nicholas-green-nPz8akkUmDI-unsplash.jpg
34
(2735, 2186, 63, 63)
(3308, 1846, 550, 550)
(3997, 1311, 429, 429)
(5385, 1353, 438, 438)
(1123, 1672, 609, 609)
(2935, 738, 93, 93)
(1271, 1054, 163, 163)
(3773, 745, 118, 118)
(1080, 1356, 213, 213)
(1385, 1112, 280, 280)
(4865, 1183, 274, 274)
(2416, 1213, 306, 306)
(163, 426, 294, 294)
(5701, 761, 222, 222)
(5508, 830, 273, 273)
(4541, 955, 251, 251)
(3269, 1144, 348, 348)
(4633, 1962, 1224, 1224)
(1520, 2672, 129, 129)
(36, 520, 94, 94)
(5138, 600, 167, 167)
(3989, 916, 139, 139)
(5662, 513, 221, 221)
(945, 1317, 304, 304)
(5674, 318, 175, 175)
(248, 3342, 377, 377)
(2576, 3419, 46, 46)
(2625, 3670, 294, 294)
(925, 1574, 234, 234)
(2652, 1525, 122, 122)
(1656, 2972, 65, 65)
(3101, 698, 80, 80)
(4168, 3254, 48, 48)
(2614, 3766, 132, 132)

imagesTest\product-school--GajrOEN6m4-unsplash.jpg
20
(2444, 1305, 193, 193)
(1417, 1548, 404, 404)
(2119, 1615, 362, 362)
(675, 787, 160, 160)
(5450, 1412, 329, 329)
(221, 1857, 418, 418)
(1218, 1635, 134, 134)
(638, 1503, 244, 244)
(89, 1508, 738, 738)
(4961, 2694, 163, 163)
(4256, 1274, 314, 314)
(810, 2666, 115, 115)
(5369, 2636, 85, 85)
(4492, 163, 176, 176)
(5089, 3198, 23, 23)
(2696, 2651, 100, 100)
(2565, 2117, 63, 63)
(3934, 2193, 120, 120)
(5644, 2878, 77, 77)
(5663, 2941, 127, 127)

imagesTest\product-school-V8KOZEUTx9E-unsplash.jpg
54
(3720, 726, 46, 46)
(4619, 2158, 46, 46)
(2915, 3825, 56, 56)
(4921, 2585, 62, 62)
(1488, 533, 55, 55)
(2868, 1575, 195, 195)
(5361, 2448, 67, 67)
(2366, 714, 84, 84)
(1480, 553, 69, 69)
(5015, 2124, 68, 68)
(1709, 1339, 984, 984)
(3875, 2206, 130, 130)
(84, 1533, 451, 451)
(4007, 1702, 423, 423)
(740, 1697, 285, 285)
(3446, 771, 49, 49)
(5634, 214, 46, 46)
(5619, 932, 47, 47)
(4907, 2256, 57, 57)
(2789, 3869, 29, 29)
(1511, 1531, 250, 250)
(5215, 2341, 70, 70)
(5067, 2302, 71, 71)
(5646, 56, 48, 48)
(4968, 2588, 76, 76)
(3437, 1703, 165, 165)
(1099, 1608, 250, 250)
(4476, 3835, 32, 32)
(4995, 1440, 359, 359)
(5617, 966, 46, 46)
(3723, 914, 47, 47)
(5615, 915, 48, 48)
(5617, 1527, 46, 46)
(5618, 884, 44, 44)
(3024, 817, 72, 72)
(1613, 957, 121, 121)
(4955, 2700, 68, 68)
(5018, 2150, 62, 62)
(3948, 834, 24, 24)
(2776, 3864, 49, 49)
(1920, 1573, 220, 220)
(5625, 92, 47, 47)
(5006, 2534, 78, 78)
(2967, 3625, 95, 95)
(5077, 2212, 55, 55)
(4856, 2375, 70, 70)
(2978, 1452, 374, 374)
(4211, 2681, 63, 63)
(5629, 2484, 85, 85)
(4951, 2469, 86, 86)
(5885, 2748, 54, 54)
(4999, 2259, 82, 82)
(5617, 1047, 47, 47)
(5616, 1676, 44, 44)

imagesTest\quaritsch-photography-62AUD-Uwv98-unsplash.jpg
75
(2434, 1661, 27, 27)
(3045, 695, 39, 39)
(3525, 1623, 36, 36)
(3391, 1633, 24, 24)
(3034, 1569, 32, 32)
(1349, 1622, 40, 40)
(4286, 2515, 66, 66)
(2131, 1276, 47, 47)
(785, 1651, 52, 52)
(265, 925, 84, 84)
(453, 1611, 69, 69)
(3688, 1630, 48, 48)
(676, 1659, 97, 97)
(564, 888, 67, 67)
(3099, 1497, 69, 69)
(316, 1552, 65, 65)
(2459, 1341, 70, 70)
(2822, 1629, 80, 80)
(3219, 1606, 138, 138)
(513, 1496, 85, 85)
(941, 1512, 65, 65)
(721, 1411, 223, 223)
(2163, 2110, 169, 169)
(110, 1675, 23, 23)
(4015, 2232, 47, 47)
(1046, 1236, 48, 48)
(272, 904, 47, 47)
(1475, 554, 56, 56)
(4334, 876, 52, 52)
(1118, 1222, 56, 56)
(2456, 1309, 81, 81)
(127, 1526, 43, 43)
(1905, 1326, 64, 64)
(74, 678, 59, 59)
(4469, 1768, 66, 66)
(3271, 840, 59, 59)
(245, 1670, 65, 65)
(3747, 1566, 64, 64)
(4358, 1943, 102, 102)
(1230, 1659, 86, 86)
(3572, 410, 45, 45)
(4340, 1280, 182, 182)
(66, 1212, 45, 45)
(613, 607, 25, 25)
(836, 1666, 37, 37)
(3611, 376, 71, 71)
(2095, 300, 54, 54)
(1554, 1639, 51, 51)
(1776, 1563, 38, 38)
(62, 588, 98, 98)
(3252, 1226, 93, 93)
(1796, 1775, 52, 52)
(1698, 1618, 50, 50)
(3666, 1757, 28, 28)
(757, 382, 102, 102)
(3846, 1514, 116, 116)
(3882, 87, 50, 50)
(620, 1779, 58, 58)
(3321, 1540, 50, 50)
(4118, 1876, 89, 89)
(1402, 1956, 81, 81)
(2929, 1791, 24, 24)
(260, 718, 365, 365)
(3016, 724, 42, 42)
(3268, 1612, 122, 122)
(2387, 1236, 78, 78)
(2417, 2024, 46, 46)
(2390, 2023, 52, 52)
(4509, 2147, 65, 65)
(3689, 2016, 92, 92)
(3977, 235, 59, 59)
(3640, 1962, 49, 49)
(712, 2179, 46, 46)
(2595, 1947, 56, 56)
(1655, 2236, 50, 50)

imagesTest\redd-f-oqVT4J_ps0Y-unsplash.jpg
41
(3268, 603, 46, 46)
(2085, 1195, 61, 61)
(2470, 1451, 39, 39)
(1448, 1193, 51, 51)
(2212, 1205, 55, 55)
(849, 1198, 77, 77)
(1910, 1136, 69, 69)
(2510, 1170, 71, 71)
(3526, 1175, 64, 64)
(146, 1098, 93, 93)
(1238, 1108, 82, 82)
(3120, 1231, 71, 71)
(390, 1128, 64, 64)
(1820, 1167, 81, 81)
(609, 1119, 73, 73)
(1195, 1160, 64, 64)
(1680, 1168, 65, 65)
(2681, 1292, 83, 83)
(2721, 1019, 21, 21)
(3520, 1281, 111, 111)
(3459, 1010, 32, 32)
(3592, 340, 73, 73)
(2618, 1021, 51, 51)
(2055, 1344, 24, 24)
(3288, 913, 85, 85)
(920, 1174, 44, 44)
(2486, 331, 347, 347)
(1701, 1271, 46, 46)
(2220, 1122, 68, 68)
(3440, 1335, 58, 58)
(1964, 259, 50, 50)
(2816, 557, 92, 92)
(644, 282, 80, 80)
(1140, 167, 29, 29)
(1776, 1470, 59, 59)
(3092, 905, 96, 96)
(2930, 1480, 52, 52)
(1193, 1397, 70, 70)
(3268, 1635, 63, 63)
(2604, 1591, 50, 50)
(754, 1725, 115, 115)

imagesTest\susan-g-komen-3-day-wdVwF3Ese4o-unsplash.jpg
31
(2698, 2465, 46, 46)
(1328, 2387, 48, 48)
(3689, 2597, 59, 59)
(1301, 692, 884, 884)
(2596, 2426, 150, 150)
(1367, 2247, 236, 236)
(2484, 639, 990, 990)
(1408, 2623, 41, 41)
(4484, 1874, 64, 64)
(62, 3027, 29, 29)
(2692, 1858, 54, 54)
(5168, 2819, 55, 55)
(4331, 1593, 60, 60)
(3614, 3096, 130, 130)
(5572, 2561, 40, 40)
(4788, 1566, 45, 45)
(3158, 2270, 56, 56)
(3945, 2278, 56, 56)
(380, 1972, 61, 61)
(3651, 3838, 148, 148)
(1560, 3108, 66, 66)
(3637, 3373, 76, 76)
(1789, 3012, 44, 44)
(1475, 3124, 45, 45)
(5710, 3710, 38, 38)
(5281, 2446, 72, 72)
(3677, 3018, 52, 52)
(2601, 1983, 244, 244)
(5933, 3623, 44, 44)
(5580, 2641, 46, 46)
(704, 2040, 43, 43)

imagesTest\wes-lewis-zt6OxRORM2g-unsplash.jpg
19
(2127, 1163, 25, 25)
(4025, 417, 267, 267)
(2665, 1409, 58, 58)
(2614, 593, 232, 232)
(4204, 681, 261, 261)
(2757, 734, 279, 279)
(753, 721, 359, 359)
(2661, 1537, 70, 70)
(1900, 721, 366, 366)
(3145, 712, 389, 389)
(4862, 713, 311, 311)
(3514, 1162, 467, 467)
(2084, 576, 58, 58)
(3892, 1005, 94, 94)
(3990, 1935, 584, 584)
(2105, 577, 55, 55)
(4063, 1141, 364, 364)
(2942, 2222, 41, 41)
(5116, 1879, 68, 68)

imagesTest\zahir-namane-hwc7eIQiTCE-unsplash.jpg
15
(1128, 3285, 50, 50)
(1445, 3376, 102, 102)
(879, 3294, 134, 134)
(1449, 3108, 152, 152)
(2462, 1987, 688, 688)
(1761, 5804, 65, 65)
(1518, 3696, 192, 192)
(1560, 3294, 191, 191)
(1497, 2387, 113, 113)
(1511, 1909, 119, 119)
(1455, 3226, 138, 138)
(1448, 3631, 79, 79)
(1889, 4671, 288, 288)
(1026, 4252, 108, 108)
(3024, 4004, 46, 46)

